 0.0105049516728 -0.0910560701066 -0.0722428577566 1777094055.61
 0.0242932053944 -0.0940250934827 -0.0321057725727 1777094055.63
 0.0443545875736 -0.0990661957185  0.0277514976283 1777094055.65
0.0666188534278 -0.106080303065 0.0978669929016 1777094055.67
0.0865814483439 -0.114664048623  0.167509122742 1777094055.69
  0.10014726257 -0.123929384234  0.226554452548 1777094055.71
    0.104366705 -0.132374936329  0.267133994803 1777094055.73
0.0979279889652 -0.137864805863  0.284751459899 1777094055.75
0.0813267003004 -0.137756981174  0.278718699903 1777094055.77
0.0567046420173 -0.129195871525  0.251910486285 1777094055.79
0.0274178795982  -0.10954512616  0.209970422572 1777094055.81
-0.00255672792395  -0.0768963188314    0.160176220172 1777094055.83
-0.0292474450938 -0.0305578133165   0.110191542132 1777094055.85
-0.0492301064399  0.0285830757899  0.0669061924271 1777094055.87
-0.0600109832997  0.0979169595936  0.0355166721434 1777094055.89
-0.060225704238  0.173242184614 0.0189423587544 1777094055.91
-0.0496755173814   0.249168211638  0.0176184222291 1777094055.93
-0.0292477625616    0.31973824842   0.029657673169 1777094055.95
-0.00076852095675    0.379172910306   0.0513294667668 1777094055.97
0.0331819929038  0.422612492524 0.0777654773258 1777094055.99
0.0694841418639  0.446734446105  0.103773846633 1777094056.01
0.104732813358 0.450144203402 0.124631372746 1777094056.03
0.135540244372 0.433477997637 0.136733355204 1777094056.05
0.158880838448 0.399208990952 0.138012807161 1777094056.07
0.172444128012 0.351202450064 0.128088489377 1777094056.09
0.174936850367  0.29410958015 0.108152679401 1777094056.11
 0.166264773618  0.232713025579 0.0806517474044 1777094056.13
 0.147537635767  0.171336309046 0.0488365438401 1777094056.15
  0.12087561895   0.11340761523 0.0162637026708 1777094056.17
 0.0890433387231  0.0612322026467 -0.0136815629555 1777094056.19
 0.0549823588288   0.015985081985 -0.0381875902483 1777094056.21
 0.0213414992749 -0.0221060203201  -0.055306882893 1777094056.23
-0.00989270065342   -0.053450522784  -0.0641141772846 1777094056.25
-0.0375855972116  -0.078738856628 -0.0647260626118 1777094056.27
-0.0614265386925 -0.0986210410952 -0.0581926655486 1777094056.29
-0.0816976957809  -0.113482980367 -0.0462885158272 1777094056.31
-0.0989041884569  -0.123354487434 -0.0312428066384 1777094056.33
 -0.113367649326  -0.127950792132 -0.0154546763927 1777094056.35
  -0.124900105531   -0.126821310921 -0.00123473071522 1777094056.37
 -0.132660113638  -0.119560808403 0.00939903455994 1777094056.39
-0.135248169216 -0.106030695472 0.0148603847826 1777094056.41
 -0.131032554493 -0.0865411099202  0.0140753184069 1777094056.43
 -0.118627771526 -0.0619547629683 0.00652103552242 1777094056.45
 -0.0973970463114  -0.0336882520804 -0.00775731098672 1777094056.47
 -0.0678353404964 -0.00360379329385  -0.0281396074969 1777094056.49
-0.0317158968574  0.0261965655193 -0.0534339589681 1777094056.51
0.00805594150497  0.0536424187823 -0.0819046333199 1777094056.53
0.0478609083014 0.0769832933183 -0.111349168774 1777094056.55
0.0839638114074 0.0950358812661 -0.139249859035 1777094056.57
 0.113152734867  0.107336095167 -0.163013920894 1777094056.59
 0.133271785229  0.114159554679 -0.180294114461 1777094056.61
 0.143530261203  0.116402396038 -0.189351233959 1777094056.63
0.144531997859 0.115346242665 -0.18938986304 1777094056.65
 0.138041141272  0.112358861455 -0.180780830929 1777094056.67
 0.126562553556  0.108598606546 -0.165089800194 1777094056.69
 0.112848836557   0.10479164786 -0.144867444993 1777094056.71
0.0994449302548   0.10113463878 -0.123217351372 1777094056.73
0.0883510075808 0.0973442540534 -0.103225088788 1777094056.75
 0.0808390105838  0.0928359302207 -0.0873810886199 1777094056.77
 0.0774137763721   0.086978103184 -0.0771403111362 1777094056.79
 0.0778788902939  0.0793470284302 -0.0727266537313 1777094056.81
 0.0814563415545  0.0699087703755 -0.0732208923775 1777094056.83
 0.0869171426028  0.0590792375619 -0.0768918023846 1777094056.85
 0.0927012674867  0.0476518279165 -0.0816675855461 1777094056.87
 0.0970302603199   0.036621752327 -0.0856174052162 1777094056.89
 0.0980347453126   0.026963327231 -0.0873253101706 1777094056.91
 0.0939241303437  0.0194240277542 -0.0860821556236 1777094056.93
 0.0832139949669  0.0143872671237 -0.0818781467267 1777094056.95
 0.0650009013718  0.0118314358924 -0.0752312454945 1777094056.97
 0.0392429803256   0.011384938674 -0.0669217968911 1777094056.99
 0.0069788721374  0.0124538099008 -0.0577158138079 1777094057.01
-0.0295920255227  0.0143846447563 -0.0481497370231 1777094057.03
-0.0672321944061  0.0166221521781 -0.0384239753632 1777094057.05
 -0.102020267964  0.0188260759332 -0.0284191955842 1777094057.07
 -0.129914013483  0.0209236405115 -0.0178168356594 1777094057.09
  -0.147442714928    0.023088026021 -0.00628135144509 1777094057.11
 -0.152403037866  0.0256482637201 0.00634884519077 1777094057.13
-0.144409912418 0.0289497166825 0.0199112861631 1777094057.15
-0.125165515246 0.0331955309161 0.0338455972083 1777094057.17
-0.0983567636863  0.0383062143851  0.0472122511471 1777094057.19
-0.0691662418622  0.0438343926315  0.0588014889795 1777094057.21
-0.0434660761635  0.0489628316728  0.0673144236492 1777094057.23
-0.0268385477209  0.0525961907864  0.0715867032301 1777094057.25
-0.0236131608308  0.0535341494246  0.0708170959171 1777094057.27
-0.0361157535088  0.0506918075752  0.0647592840798 1777094057.29
-0.0642874593187  0.0433193970181  0.0538366340223 1777094057.31
-0.105755601551 0.0311719118483 0.0391489796884 1777094057.33
-0.156340401327 0.0145907174835 0.0223585997424 1777094057.35
  -0.210884020309 -0.00552010725863  0.00546759998974 1777094057.37
  -0.264217198383  -0.0278160578566 -0.00947486028678 1777094057.39
 -0.312052616098 -0.0507056483282 -0.0206775940609 1777094057.41
 -0.351619502003 -0.0725744029621 -0.0268610749999 1777094057.43
 -0.381923156784 -0.0919956005877 -0.0274071500124 1777094057.45
 -0.403607229062  -0.107890526139 -0.0223770422441 1777094057.47
 -0.418491445711  -0.119614954069 -0.0124016597275 1777094057.49
 -0.428929079849  -0.126966170715 0.00152206539284 1777094057.51
-0.437158894052 -0.130121614308 0.0182753096105 1777094057.53
-0.444809122822 -0.129532269157 0.0368434686699 1777094057.55
 -0.45265362615 -0.125799025823 0.0564760520967 1777094057.57
 -0.46064170852 -0.119558255682 0.0767537771866 1777094057.59
-0.468147329784 -0.111395703696 0.0975620601545 1777094057.61
-0.474331556216   -0.1017982497  0.118992490571 1777094057.63
 -0.478496149685 -0.0911437484134   0.141207576483 1777094057.65
 -0.480326953387 -0.0797219798131    0.16430718408 1777094057.67
 -0.479973567223 -0.0677760085646   0.188228611632 1777094057.69
 -0.477969909403 -0.0555534750673    0.21269880358 1777094057.71
 -0.475050067593 -0.0433605945845   0.237240694517 1777094057.73
 -0.471941196032 -0.0316150835536   0.261220843992 1777094057.75
 -0.469214350102 -0.0208942213418   0.283916954094 1777094057.77
 -0.467247643937 -0.0119691436316   0.304583980919 1777094057.79
   -0.46631238557 -0.00580886662572    0.322505285473 1777094057.81
  -0.466744149855 -0.00353349115046    0.337026656642 1777094057.83
  -0.469121946959 -0.00630106537458    0.347581414747 1777094057.85
 -0.474364134955 -0.0151278208269   0.353720744569 1777094057.87
 -0.483667753047 -0.0306627923616   0.355163182978 1777094057.89
 -0.498265536397 -0.0529580413749   0.351870311384 1777094057.91
 -0.519037717017 -0.0812878318377   0.344142968714 1777094057.93
-0.546073643048 -0.114069524552  0.332716638429 1777094057.95
 -0.57831251441 -0.148924454832  0.318821523829 1777094057.97
-0.613391140681 -0.182891238282  0.304168663393 1777094057.99
-0.647786875829 -0.212772645937   0.29083264128 1777094058.01
-0.677273358539 -0.235567713702  0.281023767275 1777094058.03
 -0.69762279512 -0.248919563864   0.27677282372 1777094058.05
 -0.70541489309 -0.251500589682  0.279581215473 1777094058.07
-0.698771642998 -0.243261729373  0.290109544841 1777094058.09
-0.677841925077 -0.225491126456  0.307980878387 1777094058.11
-0.644909398256   -0.2006574287  0.331757834137 1777094058.13
-0.604078025418 -0.172050221068  0.359117441733 1777094058.15
-0.560582036125 -0.143268481891  0.387202786059 1777094058.17
-0.519850489232 -0.117640169564  0.413087525936 1777094058.19
 -0.486513209737 -0.0976751252356   0.434259877812 1777094058.21
-0.463552395324  -0.08465429332  0.449024352579 1777094058.23
 -0.451777839838 -0.0784385550736   0.456735236201 1777094058.25
 -0.449738087355 -0.0775416954124    0.45781306224 1777094058.27
 -0.454088582737 -0.0794602116797   0.453546240693 1777094058.29
 -0.460340690564 -0.0811984905203   0.445731797463 1777094058.3
 -0.463833332843 -0.0798846145895   0.436247119458 1777094058.33
-0.460720011467 -0.073351481361  0.426657339581 1777094058.35
 -0.448759915858 -0.0605658643842   0.417947383564 1777094058.37
 -0.427745328645 -0.0418223203482    0.41042986012 1777094058.39
 -0.399480088739 -0.0186703823961   0.403832109875 1777094058.4
 -0.367326207211 0.00640033110626   0.397521221769 1777094058.42
-0.335432532334 0.0304443110725  0.390795429178 1777094058.44
-0.307826789228 0.0506108148887  0.383160078002 1777094058.47
-0.287574969018 0.0646515394147  0.374516751877 1777094058.48
-0.276186323231 0.0712920982526  0.365220167264 1777094058.5
-0.273376230807 0.0704070275939  0.355990889396 1777094058.52
-0.277210762255 0.0629786543318  0.347704957643 1777094058.55
-0.284569744676 0.0508600539431  0.341109326189 1777094058.57
-0.291802682824 0.0363957049983  0.336531967031 1777094058.59
-0.295427577852 0.0219764672898  0.333664009531 1777094058.6
 -0.292735331753 0.00961485243041   0.331483040072 1777094058.62
  -0.282199738424 0.000619733903509    0.328358180635 1777094058.65
  -0.263641026567 -0.00457291473146    0.322332557055 1777094058.67
  -0.238140053019 -0.00639026368233     0.31152937889 1777094058.69
  -0.207744291026 -0.00594770705305    0.294589585314 1777094058.7
  -0.175038917899 -0.00475454736012    0.271033756449 1777094058.72
  -0.142670200841 -0.00436663562071    0.241453282132 1777094058.75
   -0.11290315808 -0.00605788642551    0.207473124196 1777094058.77
   -0.0872777118 -0.0105727267878   0.171482845805 1777094058.79
-0.0664061030225 -0.0179995488253   0.136191138313 1777094058.8
-0.0499333986837 -0.0277775128797   0.104106077489 1777094058.82
-0.0366610199212 -0.0388228249175  0.0770643586679 1777094058.85
-0.0248086204855 -0.0497412647722   0.055920393852 1777094058.87
-0.0123653569887 -0.0590834813499  0.0404635034624 1777094058.89
0.00253532212629 -0.0655980507124  0.0295711422019 1777094058.9
 0.0212865808374 -0.0684429533399  0.0215457789992 1777094058.92
  0.044582360247 -0.0673269548916  0.0145395664588 1777094058.95
 0.0723292874122 -0.0625659051111 0.00695551127995 1777094058.97
   0.103702404804  -0.0550523152571 -0.00227084857233 1777094058.99
  0.137323432466 -0.0461471154236 -0.0135655066967 1777094059.01
  0.171519394621 -0.0375089465157 -0.0267906401306 1777094059.02
  0.204608900276 -0.0308793520545 -0.0414566351637 1777094059.05
   0.23516461204 -0.0278439070694 -0.0569960534543 1777094059.07
  0.262211905039 -0.0295918986581  -0.073014568785 1777094059.09
   0.28534124921 -0.0367015747105 -0.0894472864004 1777094059.11
  0.304730219551 -0.0489828816417  -0.106579800047 1777094059.12
  0.321085790514 -0.0654115512781  -0.124932920891 1777094059.15
  0.335526245501 -0.0841831068665  -0.145047997013 1777094059.17
 0.349424541857 -0.102900121451 -0.167236784854 1777094059.19
 0.364233231218 -0.118881943614 -0.191369470906 1777094059.21
 0.381308007724 -0.129558505736 -0.216764635704 1777094059.22
 0.401745273431 -0.132886602328  -0.24221866685 1777094059.25
 0.426249731008 -0.127715165917   -0.2661764844 1777094059.27
 0.455049614121 -0.114029078533 -0.287009577844 1777094059.29
  0.487876743784 -0.0930184188272  -0.303339857495 1777094059.31
  0.524023151027 -0.0669484090538  -0.314334810569 1777094059.32
   0.56247438968 -0.0388399157231  -0.319903705702 1777094059.34
  0.602103533527 -0.0120055776284  -0.320745349862 1777094059.37
 0.641893164794 0.0104837705491 -0.318230866213 1777094059.39
 0.681140204488 0.0263099662241 -0.314142713061 1777094059.4
 0.719594345747 0.0343020562892 -0.310324642211 1777094059.42
 0.757487702888 0.0346378200409 -0.308318324293 1777094059.45
 0.795431664197 0.0288085836519  -0.30906616379 1777094059.47
 0.834185035145 0.0193471942125 -0.312746079198 1777094059.49
  0.874330749046 0.00936503949471  -0.318776164626 1777094059.51
  0.915929306084 0.00198281302671  -0.325990779085 1777094059.53
    0.958236784604 -0.000237869049585    -0.332951398489 1777094059.55
 0.999575790214 0.0042452651908 -0.338322882109 1777094059.57
  1.03742475659 0.0156880250969 -0.341226251906 1777094059.59
  1.06874600427 0.0330318068363 -0.341479120456 1777094059.61
  1.09051400955  0.054114129298 -0.339657591437 1777094059.63
  1.10034651366 0.0760723027295 -0.336956128092 1777094059.65
  1.09709935113  0.095860592959 -0.334875027694 1777094059.67
  1.08127580543  0.110783207213 -0.334813900986 1777094059.69
  1.05512992536  0.118946084962 -0.337678401427 1777094059.71
  1.02240696246  0.119548484292 -0.343606359308 1777094059.73
 0.987748850876  0.112966413682 -0.351888247938 1777094059.75
  0.95587696835  0.100618508958 -0.361105032735 1777094059.77
 0.930725001593  0.084645245372 -0.369449142982 1777094059.79
 0.914713657165 0.0674682103674 -0.375147401358 1777094059.81
 0.908329891518 0.0513205220117 -0.376880528823 1777094059.83
  0.91010394927  0.037845762968 -0.374098119393 1777094059.85
 0.916986619071 0.0278476917791 -0.367158477507 1777094059.87
 0.925040128442 0.0212388236572 -0.357269551609 1777094059.89
  0.93028987965 0.0171906321112 -0.346256129283 1777094059.91
 0.929554418524 0.0144425837923 -0.336215935403 1777094059.93
 0.921082261412 0.0116923368756 -0.329144954329 1777094059.95
  0.904872125566 0.00797335515358   -0.32660885531 1777094059.97
  0.882625411414 0.00293254603719  -0.329517475884 1777094059.99
   0.857358923111 -0.00305268864185   -0.338030933267 1777094060.01
   0.832773709526 -0.00893888896251   -0.351597624458 1777094060.03
  0.812518988048 -0.0132415375847  -0.369102573171 1777094060.05
 0.799502065826 -0.014366233333 -0.389091817654 1777094060.07
  0.795376651081 -0.0109733164875  -0.410033386357 1777094060.09
   0.800298829248 -0.00230189031082   -0.430574492582 1777094060.11
 0.812981904125  0.011607331123 -0.449755446171 1777094060.13
 0.831020424883  0.029827182776 -0.467143823635 1777094060.14
 0.851402589279 0.0506058642152 -0.482860570826 1777094060.17
 0.871098696993 0.0715576841546 -0.497485985938 1777094060.19
 0.887605965431 0.0899459937196 -0.511858003505 1777094060.21
 0.899345548042  0.103013065339 -0.526802966028 1777094060.22
 0.905840902856  0.108313210235 -0.542861164902 1777094060.24
 0.907651484488  0.104013270622 -0.560076697846 1777094060.27
 0.906085614864 0.0891337928996 -0.577908820069 1777094060.29
 0.902763316461 0.0637110111626  -0.59529179801 1777094060.31
 0.899133334574 0.0288635199625 -0.610829992153 1777094060.32
  0.896058220914 -0.0132496804325  -0.623075708793 1777094060.34
  0.893562948606 -0.0595878188368  -0.630811495826 1777094060.37
 0.890801577693 -0.106501363822 -0.633256012809 1777094060.39
 0.886245512474 -0.150101347518 -0.630136657137 1777094060.41
 0.878048538979 -0.186688397429  -0.62161585528 1777094060.42
 0.864506425685  -0.21318862134 -0.608105668675 1777094060.44
 0.844507533196  -0.22753539574 -0.590039903936 1777094060.47
 0.817870338995 -0.228940125658 -0.567683695626 1777094060.49
 0.785487302719 -0.218010762104  -0.54104678867 1777094060.51
 0.749239139263  -0.19669933598 -0.509934675259 1777094060.52
 0.711697790929 -0.168082546814 -0.474130309521 1777094060.54
  0.67568415117 -0.135998732751 -0.433658586728 1777094060.57
  0.64377510167 -0.104580652256 -0.389057334206 1777094060.59
  0.617859043359 -0.0777380588611  -0.341571481613 1777094060.61
 0.598822442194 -0.058655947181 -0.293203725739 1777094060.62
  0.586418053872 -0.0493790154147   -0.24658885535 1777094060.64
  0.579325713618 -0.0505457924641  -0.204698601573 1777094060.67
  0.575377405249 -0.0613164410077  -0.170419958893 1777094060.69
  0.571889216739 -0.0795101515761    -0.1460778513 1777094060.71
 0.566031294925 -0.101936400416 -0.132990681798 1777094060.73
 0.555174665301 -0.124873602531 -0.131151239835 1777094060.74
 0.537174895188 -0.144623197697   -0.1391110056 1777094060.77
 0.510576453347 -0.158052240312 -0.154111444288 1777094060.79
 0.474738643886 -0.163037950534 -0.172456548222 1777094060.81
 0.429890206596   -0.1587446507 -0.190068135459 1777094060.83
 0.377117411936 -0.145693235043 -0.203122972275 1777094060.84
 0.318285311942 -0.125618940535  -0.20864989136 1777094060.87
 0.255888879095 -0.101148079249 -0.204971351973 1777094060.89
  0.192833100651 -0.0753534647866  -0.191906074568 1777094060.91
  0.132149748457 -0.0512670265327  -0.170699615552 1777094060.93
0.0766726251219 -0.031432285766  -0.14370557433 1777094060.95
 0.0287089889617 -0.0175669419294  -0.113888229478 1777094060.97
-0.0102437259739 -0.0103797055879 -0.0842477233822 1777094060.99
 -0.0396863674652 -0.00955356139072  -0.0572771160331 1777094061.01
  -0.06017553452 -0.0138789576465 -0.0345479324847 1777094061.03
-0.0732379759772 -0.0215009201658 -0.0164921353748 1777094061.05
 -0.0811576103131  -0.0302348368527 -0.00241037211716 1777094061.06
-0.0866752267325 -0.0379045164563 0.00930408441021 1777094061.09
-0.0926569424687  -0.042660294463  0.0207724752598 1777094061.11
 -0.101791729113 -0.0432421779709  0.0341422620347 1777094061.12
 -0.116368171053 -0.0391615384087   0.051090969731 1777094061.15
 -0.138156204473 -0.0307835246275  0.0724102844161 1777094061.16
 -0.168386748161 -0.0193010255449   0.097746423416 1777094061.19
  -0.207792119541 -0.00660029243412    0.125550000635 1777094061.21
 -0.256654476957 0.00497136262458   0.153257650424 1777094061.22
-0.314814094208  0.012914553224  0.177691498792 1777094061.24
-0.381612196638 0.0149318780025  0.195624664578 1777094061.26
 -0.455777109905 0.00928621738741   0.204425713849 1777094061.29
  -0.535297812317 -0.00488482708679    0.202668149298 1777094061.31
 -0.617354505771 -0.0273496055663   0.190579834417 1777094061.33
 -0.698380567327 -0.0567049263203   0.170219183627 1777094061.35
 -0.774307811548 -0.0904718596274   0.145304631177 1777094061.37
-0.841000629997 -0.125370571398  0.120689307062 1777094061.39
-0.894827627118  -0.15774808874  0.101552866039 1777094061.41
-0.933269400841 -0.184101725928 0.0924577976204 1777094061.43
-0.955432524182 -0.201617054447  0.096465981611 1777094061.45
-0.962340797684 -0.208628152251  0.114514918559 1777094061.47
-0.956908517575 -0.204913261538  0.145205687406 1777094061.49
-0.943564329491 -0.191762473651  0.185065049867 1777094061.51
-0.927576214922 -0.171793207589  0.229234312202 1777094061.53
-0.914205092173 -0.148536648848  0.272436466236 1777094061.55
-0.907859519733  -0.12586312313   0.31000774127 1777094061.57
-0.911420947869 -0.107346081503  0.338767193843 1777094061.59
 -0.925862046686 -0.0956763872935   0.357541028136 1777094061.61
 -0.950209979793 -0.0922294753757   0.367244523151 1777094061.63
 -0.981834628434 -0.0968603091116     0.3705296821 1777094061.65
 -1.01698371005 -0.107960064517  0.371102625353 1777094061.67
 -1.05144991851 -0.122761243661  0.372877776381 1777094061.69
 -1.08124361768 -0.137833127081  0.379154601194 1777094061.71
 -1.10315898295 -0.149675956821   0.39197946914 1777094061.73
 -1.11515605818 -0.155306680559  0.411802371192 1777094061.75
 -1.11652382094 -0.152734073679  0.437471515602 1777094061.77
 -1.10782761863 -0.141244686366  0.466542525074 1777094061.79
 -1.09067237735 -0.121457966283  0.495823723961 1777094061.81
  -1.06733210872 -0.0951517700097   0.522041530865 1777094061.83
 -1.04030970396 -0.064900394124  0.542493748854 1777094061.85
  -1.01189915618 -0.0335989660172   0.555564898795 1777094061.87
  -0.983822607959 -0.00396521435406     0.56100625218 1777094061.89
-0.957004462186 0.0218900499078  0.559930703226 1777094061.91
-0.931523632745 0.0427481812023  0.554531407402 1777094061.93
-0.906754073706 0.0583768309215  0.547590894598 1777094061.95
-0.881666286576 0.0694231939555   0.54189016274 1777094061.97
-0.855225286751 0.0771362887172  0.539644436297 1777094061.99
-0.826793744499 0.0829835035043  0.542080465026 1777094062.01
-0.796442908635  0.088249863604  0.549233887212 1777094062.03
-0.765093201603 0.0937128384315  0.559994162508 1777094062.05
-0.734447130106 0.0994677698636  0.572371024046 1777094062.07
-0.706728214671  0.104941692699   0.58391215222 1777094062.09
-0.684286970829  0.109085247824  0.592176239468 1777094062.11
-0.669166123448  0.110686582586  0.595163543248 1777094062.13
-0.662724363451  0.108720747801  0.591625903614 1777094062.15
-0.665399605781  0.102642022642  0.581212623396 1777094062.17
-0.676654475425 0.0925464369109  0.564447016799 1777094062.19
-0.695100156008 0.0791711722878  0.542561109773 1777094062.21
-0.718753695499 0.0637440494569  0.517237183126 1777094062.23
-0.745359600633 0.0477353580125  0.490313524634 1777094062.25
-0.772703426899 0.0325842107221  0.463509857621 1777094062.27
-0.798859730494 0.0194679132292  0.438218048321 1777094062.29
 -0.822341003845 0.00915957256097    0.41538779594 1777094062.31
 -0.842139565606 0.00198665493284   0.395516625133 1777094062.33
   -0.85767525581 -0.00212654838566    0.378731002348 1777094062.35
  -0.868676132012 -0.00356750008501    0.364924935342 1777094062.37
 -0.875027284976 -0.0029325174414   0.353909583664 1777094062.39
   -0.876625156379 -0.000939070420492     0.345527232369 1777094062.41
  -0.87327193738 0.00163820486437   0.339696996919 1777094062.43
-0.864636988219 0.0040172657458  0.336383967317 1777094062.45
 -0.850299847926 0.00546469197731   0.335509787849 1777094062.47
  -0.82987290427 0.00537804308948   0.336841678516 1777094062.49
 -0.803183109498 0.00340191269279   0.339902763985 1777094062.51
   -0.770474938455 -0.000436454347727     0.343938866553 1777094062.53
  -0.732585859308 -0.00560912167007    0.347959766142 1777094062.55
-0.691045141316 -0.011039163474  0.350852388248 1777094062.57
  -0.64805865613 -0.0151725911935   0.351545009046 1777094062.59
 -0.606364524868 -0.0161981616248   0.349189084985 1777094062.61
 -0.568971288512 -0.0124016064235   0.343320272207 1777094062.63
  -0.538813782756 -0.00259241924358    0.333962493077 1777094062.65
-0.518375273556 0.0134977918658  0.321647888297 1777094062.67
-0.509325632326 0.0349600619765  0.307340781751 1777094062.69
-0.512218284577 0.0596899993597  0.292274565328 1777094062.71
-0.526280140325 0.0846487932356  0.277733417558 1777094062.73
-0.549323213748  0.106375123097  0.264829164352 1777094062.75
-0.577803322309  0.121651294936  0.254329007049 1777094062.77
-0.607045412682  0.128179118784  0.246577132171 1777094062.79
-0.631642193198  0.125107544951  0.241524448444 1777094062.81
-0.646011373686   0.11327984516  0.238845212586 1777094062.83
-0.645068515396 0.0951280452229  0.238089862598 1777094062.85
-0.624941193529 0.0742221522656  0.238811144751 1777094062.87
-0.583622419284 0.0545618945924  0.240611421442 1777094062.89
-0.521446429108 0.0397598122223  0.243091210854 1777094062.91
-0.441277721774 0.0322922599467  0.245722657594 1777094062.93
-0.348339507249 0.0329825997065  0.247710479817 1777094062.95
-0.249666571847 0.0408305852716  0.247919855991 1777094062.97
-0.153237686225  0.053224380033  0.244935681305 1777094062.99
-0.0669081141095  0.0664849217625   0.237273591524 1777094063.01
0.00269105977434  0.0766181476942   0.223705701251 1777094063.03
0.0511034951045  0.080107856539   0.20361467466 1777094063.05
0.0766827695876 0.0745806511103   0.17726702515 1777094063.07
0.0807981219116 0.0592124505168  0.145909161359 1777094063.09
0.0675726167752 0.0348110684784  0.111634453797 1777094063.11
 0.0432008730319 0.00358330299592  0.0770330967572 1777094063.13
 0.0149696273416 -0.0313401769471  0.0446995048022 1777094063.15
-0.00984526035313  -0.0665066481508   0.0167150859399 1777094063.17
-0.0250171469736 -0.0987410905171 -0.0057657098744 1777094063.19
-0.0261761117047  -0.125629559206 -0.0227238305842 1777094063.21
-0.0112707871893  -0.145806986995  -0.035229408194 1777094063.23
 0.0193623014278  -0.159016422015 -0.0451565787301 1777094063.25
0.0632983571462  -0.16595439617 -0.054733858674 1777094063.27
  0.116609686285  -0.167958198334 -0.0660424679216 1777094063.29
   0.17461413575  -0.166618752727 -0.0805829451692 1777094063.31
  0.232649362116  -0.163412722281 -0.0990074461938 1777094063.33
 0.286745827348  -0.15943709782 -0.121068569053 1777094063.35
 0.334101637945 -0.155300483734 -0.145779176814 1777094063.37
0.373305517665 -0.15118355284 -0.17172748794 1777094063.39
 0.404302427089 -0.147036266629 -0.197460702189 1777094063.41
 0.428141936921 -0.142842445791  -0.22184459808 1777094063.43
 0.446585101692 -0.138862963178 -0.244323542821 1777094063.45
 0.461664743756 -0.135773302662 -0.265036537153 1777094063.47
 0.475292664616 -0.134639750017 -0.284779445284 1777094063.49
 0.488985779674 -0.136724609698 -0.304832698416 1777094063.51
 0.503747142025 -0.143162447399 -0.326693272733 1777094063.53
 0.520096562191 -0.154591773296 -0.351759714185 1777094063.55
 0.538209218707 -0.170846960392 -0.381021854487 1777094063.57
 0.558097843035 -0.190806549036 -0.414805114143 1777094063.59
 0.579769943485 -0.212457595585 -0.452613846134 1777094063.61
 0.603306678292 -0.233180643899 -0.493108052307 1777094063.63
 0.628839750822 -0.250201192946 -0.534231093335 1777094063.65
 0.656438132716 -0.261107652767 -0.573481871873 1777094063.67
 0.685946985649 -0.264315689052 -0.608295591401 1777094063.69
 0.716838111304 -0.259369939905 -0.636468449851 1777094063.71
 0.748130214027  -0.24701270059 -0.656541824123 1777094063.73
 0.778419167781 -0.229004479615  -0.66805879024 1777094063.75
 0.806029140342 -0.207739235086   -0.6716251589 1777094063.77
 0.829263457698 -0.185744004744 -0.668747635238 1777094063.79
 0.846707840458 -0.165177827022 -0.661475043139 1777094063.81
 0.857523644759 -0.147442095135 -0.651920667833 1777094063.83
 0.861667144889 -0.132983856774 -0.641778838092 1777094063.85
 0.859982533737 -0.121322732749 -0.631954965966 1777094063.87
   0.8541394797 -0.111275351228 -0.622401889314 1777094063.89
 0.846416925697 -0.101305133553 -0.612202963949 1777094063.91
  0.839366703671 -0.0899029187817  -0.599878398401 1777094063.93
  0.835415446399 -0.0759097685517  -0.583833928404 1777094063.95
 0.836475258374  -0.05872213076 -0.562836413458 1777094063.97
   0.84363126181 -0.0383592137862  -0.536398656272 1777094063.99
  0.856959807062 -0.0154090562001  -0.504984768093 1777094064.01
   0.87550828032 0.00910700395956  -0.469996989616 1777094064.03
 0.897439384296   0.03390565339 -0.433559119207 1777094064.05
 0.920313650564 0.0576109296715 -0.398155865084 1777094064.07
 0.941459533425 0.0788989293995 -0.366212426224 1777094064.09
   0.9583667891  0.096610478898 -0.339701915816 1777094064.11
 0.969039426254  0.109835033833 -0.319852618935 1777094064.13
 0.972258137427  0.117973791431 -0.306998730005 1777094064.15
  0.96772334439  0.120789200123 -0.300585194352 1777094064.17
 0.956071679205  0.118442909329 -0.299307667591 1777094064.19
   0.9387751736  0.111516550804 -0.301348518337 1777094064.21
 0.917941581778  0.101002588353 -0.304661839887 1777094064.23
 0.896038263403 0.0882496224238 -0.307263352788 1777094064.25
 0.875565782675 0.0748508366953  -0.30749069559 1777094064.27
 0.858714946689 0.0624756880763 -0.304210623157 1777094064.29
 0.847051828471 0.0526602069209 -0.296957777213 1777094064.31
 0.841282989034 0.0465855038065 -0.285993508046 1777094064.33
 0.841149125655 0.0448829503192 -0.272274774944 1777094064.34
 0.845475568186 0.0475055076456 -0.257326805713 1777094064.37
 0.852376455301 0.0536971978399 -0.243022698504 1777094064.38
 0.859576304729 0.0620776902677  -0.23128873566 1777094064.41
0.864788765108 0.070838791412 -0.22377195566 1777094064.43
 0.866083891758 0.0780279865072  -0.22152067937 1777094064.45
 0.862182711625  0.081875547966 -0.224734602562 1777094064.47
 0.852636855668 0.0811102600681 -0.232636896352 1777094064.49
 0.837874936166 0.0752072761131 -0.243506713265 1777094064.51
 0.819119468769 0.0645207148758 -0.254887524337 1777094064.53
 0.798194294459 0.0502718555813 -0.263956420158 1777094064.55
 0.777252360458 0.0343879920783 -0.268005485095 1777094064.57
 0.758460021795 0.0192128523655 -0.264955234396 1777094064.59
  0.743679094395 0.00713232128131   -0.25380075925 1777094064.61
  0.734190998835 0.00017484723481  -0.234891965254 1777094064.63
    0.730504994804 -0.000348359343402    -0.209974307121 1777094064.65
  0.732281682779 0.00589705187703  -0.181963051953 1777094064.67
 0.738384140209 0.0181558933648 -0.154482264351 1777094064.69
 0.747046721559 0.0346443986189 -0.131254298268 1777094064.71
  0.75613182606 0.0527870554738 -0.115461338363 1777094064.73
 0.763432504824 0.0696042632118 -0.109207375371 1777094064.75
 0.766974906585 0.0821979244699 -0.113185416696 1777094064.77
 0.765277465939 0.0882581056843 -0.126607814313 1777094064.79
 0.757530851749 0.0865002363498 -0.147400048573 1777094064.81
 0.743672924775 0.0769453619088 -0.172604180979 1777094064.83
 0.724346835722 0.0609788773236 -0.198899131444 1777094064.85
  0.70074795074  0.041163379192 -0.223128136567 1777094064.87
  0.67438404892 0.0208302427338 -0.242731474812 1777094064.89
  0.646788883145 0.00352022773619    -0.2560124272 1777094064.91
  0.619238214964 -0.0076255157453  -0.262209600393 1777094064.93
  0.592518552751 -0.0104131724027   -0.26139795047 1777094064.95
   0.566791873266 -0.00398479975709   -0.254280142014 1777094064.97
 0.541584161984  0.011019218335 -0.241946810741 1777094064.99
 0.515902105339 0.0325490671198 -0.225673705686 1777094065.01
 0.488454666648 0.0574670388505 -0.206791250145 1777094065.03
 0.457932504753 0.0820442522198 -0.186622425793 1777094065.05
0.423286606124 0.102547525503 -0.16645482485 1777094065.07
 0.383951853042  0.115818821955 -0.147503407183 1777094065.08
 0.339978385183  0.119753414695 -0.130833247555 1777094065.11
 0.292055725153   0.11360159669 -0.117238552975 1777094065.13
 0.241434284744 0.0980489373892  -0.10710295289 1777094065.15
 0.189762861751 0.0750669497857 -0.100284704577 1777094065.17
 0.138870102398 0.0475639944254 -0.096072111158 1777094065.19
 0.0905244218116  0.0188992767537 -0.0932390088533 1777094065.21
  0.0462099043656 -0.00765500165652  -0.0902037039925 1777094065.23
0.00695257615312 -0.0294113336772 -0.0852667184744 1777094065.25
-0.0267792335675 -0.0446421458202 -0.0768821619792 1777094065.27
-0.0550926406783 -0.0527743915126  -0.063909709581 1777094065.29
-0.0786145190552 -0.0543787975417 -0.0457992808535 1777094065.31
 -0.098383031554 -0.0509658538375 -0.0226752026773 1777094065.33
 -0.115712951225 -0.0446345291851 0.00469370654289 1777094065.35
 -0.132060257283 -0.0376447147315  0.0350310831118 1777094065.37
 -0.148903505974 -0.0319955055914  0.0667713654967 1777094065.39
 -0.167646721047 -0.0290861470741  0.0983196972176 1777094065.41
 -0.189536406931 -0.0295163196092   0.128305734081 1777094065.43
-0.215580521921 -0.033052699963  0.155783998867 1777094065.45
 -0.246463214335 -0.0387563968394   0.180342686735 1777094065.47
 -0.282462479879 -0.0452372101004   0.202100436063 1777094065.49
 -0.323390526981 -0.0509801284089   0.221593890098 1777094065.51
 -0.368581257424 -0.0546796694608   0.239583172474 1777094065.53
 -0.416943534913 -0.0555195315343   0.256821765566 1777094065.55
 -0.467085015366 -0.0533474759942   0.273846261193 1777094065.57
 -0.517493242811 -0.0487151318607   0.290836971335 1777094065.59
 -0.566742989441 -0.0427752429408   0.307583040993 1777094065.61
 -0.613686960293 -0.0370515066821   0.323559805159 1777094065.63
 -0.657586644074 -0.0331171818901   0.338098367586 1777094065.65
 -0.698153422632 -0.0322371429582   0.350604638543 1777094065.67
  -0.73549273989 -0.0350413812564   0.360772381794 1777094065.69
 -0.769967415366 -0.0413012983264   0.368734434669 1777094065.71
 -0.802012833536 -0.0498687830762   0.375108029111 1777094065.73
 -0.831944926443 -0.0588106160189   0.380912224631 1777094065.75
 -0.859803157715 -0.0657309558808    0.38736433668 1777094065.77
 -0.885265452779 -0.0682309143494   0.395592244159 1777094065.79
 -0.907658443232 -0.0644172663488   0.406323378098 1777094065.81
  -0.92606467363 -0.0533524869725   0.419622472373 1777094065.83
 -0.939504083817 -0.0353426444317    0.43474535529 1777094065.85
 -0.947148757954 -0.0119896577402   0.450155750441 1777094065.87
-0.948523402432 0.0140155504784  0.463719997675 1777094065.89
-0.943649090996 0.0393243893355   0.47305662932 1777094065.91
-0.933100795536 0.0605008264749  0.475981266609 1777094065.93
-0.917966898577 0.0746146300449  0.470960858108 1777094065.95
-0.899719150932 0.0797397484956  0.457482781287 1777094065.97
-0.880020936363 0.0752654446757  0.436258109163 1777094065.99
-0.860514391405 0.0619722359327  0.409212442632 1777094066.01
-0.842627620422 0.0418750391168   0.37926345631 1777094066.03
-0.827431624635 0.0178793648957  0.349929139851 1777094066.05
  -0.815558453445 -0.00667560363628    0.324842825939 1777094066.07
 -0.807175947326 -0.0285033207998   0.307263301702 1777094066.08
 -0.802006413569 -0.0448078380315   0.299659592859 1777094066.1
  -0.79937802127 -0.0536129531407   0.303424999056 1777094066.13
  -0.79830574756 -0.0539458565118   0.318742165795 1777094066.15
 -0.797607681184 -0.0458646834646   0.344590384242 1777094066.17
 -0.796065401191 -0.0303441063162   0.378866337138 1777094066.19
 -0.792628420519 -0.0090529173581   0.418584192781 1777094066.21
-0.786642172117 0.0159304675791  0.460128547339 1777094066.23
-0.778054333053  0.042415949099  0.499547530883 1777094066.25
-0.767538276682 0.0683704072894  0.532884546885 1777094066.27
-0.756476439496 0.0921264260874  0.556548211562 1777094066.29
-0.746773595715   0.11251518628  0.567708337723 1777094066.31
-0.740513476892  0.128921657657  0.564684523314 1777094066.33
-0.739518080222   0.14127072577  0.547271290695 1777094066.35
-0.744902862096  0.149958346815  0.516929891987 1777094066.37
-0.756732618331  0.155742431447  0.476779981064 1777094066.39
 -0.7738685901 0.159605970595  0.43134749399 1777094066.41
-0.794060104315  0.162603139581  0.386065365119 1777094066.43
-0.814282070204  0.165700391853  0.346573135457 1777094066.45
-0.831264544487  0.169629002991  0.317909213719 1777094066.47
-0.842114827191  0.174770095903  0.303724350719 1777094066.49
-0.844906573983  0.181093330748  0.305657649973 1777094066.51
-0.839110176929  0.188163405318   0.32300200043 1777094066.53
-0.825764637802  0.195215640005  0.352744306153 1777094066.55
-0.807338640629  0.201288117859  0.390003104453 1777094066.57
-0.787288831093  0.205388379123  0.428812848867 1777094066.59
-0.769385187417  0.206669899779  0.463134193693 1777094066.61
-0.756924771063  0.204596027817  0.487917594813 1777094066.63
-0.751985459226  0.199073013601  0.500025591857 1777094066.65
-0.754873646164  0.190536081897  0.498833986564 1777094066.67
-0.763892755656  0.179972537638  0.486382980505 1777094066.69
-0.775506361295  0.168866019349  0.467027720139 1777094066.71
-0.784898703962   0.15905027956  0.446629497277 1777094066.73
-0.786857764558  0.152472687527  0.431417391668 1777094066.75
-0.776835588869  0.150887144972  0.426719056419 1777094066.77
-0.751991679537  0.155518689138   0.43579483939 1777094066.79
-0.712010092735  0.166759555981   0.45900248788 1777094066.81
-0.65950633365 0.183960897955  0.49346848706 1777094066.83
-0.599905958487  0.205372220543  0.533353676662 1777094066.85
-0.540774257458   0.22825491883   0.57069059403 1777094066.87
-0.490687952804  0.249164729069  0.596658961108 1777094066.89
 -0.4578408679 0.264368701779 0.603076271621 1777094066.9
-0.448639994464  0.270340913252  0.583832208125 1777094066.93
-0.46655764556 0.264269558753  0.53600146035 1777094066.95
-0.511455666874   0.24450618132  0.460431253756 1777094066.97
-0.579501713871  0.210894612499  0.361705261688 1777094066.99
-0.663679375312   0.16493115651  0.247509221335 1777094067
-0.754780548777  0.109726487568  0.127534516862 1777094067.02
-0.842683766598 0.0497616689674 0.0121290712133 1777094067.05
  -0.917682792363 -0.00954548245629   -0.089070722848 1777094067.07
 -0.971642142275 -0.0624226906371  -0.168313892355 1777094067.09
-0.998813928869 -0.103409778706 -0.220555154671 1777094067.1
-0.996235724919 -0.128027482666 -0.243835329941 1777094067.12
-0.963718760855  -0.13335977272 -0.239215317051 1777094067.15
-0.903509034656 -0.118468330184 -0.210330237029 1777094067.17
  -0.81974740939 -0.0845790264355  -0.162684516355 1777094067.19
  -0.71786256681 -0.0350112928489  -0.102834214985 1777094067.21
 -0.604003863663  0.0251440470779 -0.0375963708282 1777094067.23
  -0.4845692674 0.0895610064748 0.0266089692313 1777094067.25
-0.365825176127  0.151366767283 0.0842286777567 1777094067.27
-0.253572623036  0.203904774652  0.130854887423 1777094067.29
-0.152805051045  0.241487903161  0.163347839239 1777094067.31
-0.0673296361456   0.260055685763   0.179857985515 1777094067.33
0.000624960255826     0.25765373487    0.179797769724 1777094067.35
0.0507382334605  0.234665184515  0.163791038109 1777094067.37
0.0847561753126  0.193746910219  0.133597441012 1777094067.39
 0.106374716469  0.139459614798 0.0919830492772 1777094067.41
 0.120792096164 0.0776282248719 0.0424986666276 1777094067.43
  0.133953528856  0.0145193837302 -0.0108587648913 1777094067.45
  0.151600027824 -0.0440360195087 -0.0640901307965 1777094067.47
  0.178301710667 -0.0934280720725  -0.113685564576 1777094067.49
 0.216680019833 -0.130824845388  -0.15706818788 1777094067.51
 0.266992629406 -0.155407527083 -0.192885590935 1777094067.53
 0.327176661735 -0.168254327773 -0.221071207853 1777094067.55
 0.393341939986 -0.171914023197 -0.242653991827 1777094067.57
 0.460604421581 -0.169768693181 -0.259361617728 1777094067.59
 0.524076236629 -0.165319614364 -0.273117166413 1777094067.6
 0.579799634665  -0.16153516955 -0.285554726185 1777094067.63
 0.625432715566 -0.160377002925 -0.297669456406 1777094067.65
 0.660558284015 -0.162577362143 -0.309677644059 1777094067.67
 0.686576556167 -0.167686364627 -0.321105240816 1777094067.69
 0.706234748163 -0.174353778482 -0.331065216397 1777094067.71
 0.722919275283 -0.180766257506 -0.338639097544 1777094067.73
  0.73987433006 -0.185135668325 -0.343256022424 1777094067.75
 0.759510232823 -0.186130868926 -0.344967269881 1777094067.77
 0.782932425037 -0.183163220321 -0.344543015232 1777094067.79
 0.809768780755  -0.17647085109 -0.343363253796 1777094067.81
  0.83831115949 -0.166991585137 -0.343125603929 1777094067.83
 0.865927582838 -0.156061404554 -0.345437903424 1777094067.85
0.889653268982 -0.14501543013  -0.3513937875 1777094067.87
 0.906839045164 -0.134793007289 -0.361238324355 1777094067.89
 0.915728089016 -0.125651143457 -0.374215435107 1777094067.91
 0.915846566753 -0.117069025999 -0.388650940154 1777094067.93
  0.90812803564 -0.107883625995 -0.402271656206 1777094067.95
  0.894741395546 -0.0966403877499  -0.412703712923 1777094067.97
  0.878651300882 -0.0820856216624  -0.418046007707 1777094067.99
  0.862998002582 -0.0636825819219  -0.417389708018 1777094068.01
  0.850427109554 -0.0420144251845  -0.411159089436 1777094068.03
  0.842516222319 -0.0189519663462  -0.401182813467 1777094068.05
  0.839428556477 0.00248883517861  -0.390460884046 1777094068.07
 0.839876380111 0.0186054744432 -0.382658429818 1777094068.09
 0.841410077017 0.0257134909425 -0.381418226058 1777094068.11
 0.840976976944 0.0209613097492 -0.389625815899 1777094068.13
 0.835633474403 0.0030795409287 -0.408774966656 1777094068.15
  0.823257780658 -0.0271139765969  -0.438564169107 1777094068.17
  0.803107400015 -0.0665930272903  -0.476810934122 1777094068.19
 0.776096562836 -0.110449332675 -0.519709393619 1777094068.21
 0.744728067008 -0.152632565882 -0.562391036989 1777094068.23
 0.712688274106 -0.186974863752 -0.599691371912 1777094068.25
 0.684186522361 -0.208300813002 -0.626987445427 1777094068.27
 0.663174280704 -0.213397004211 -0.640958901486 1777094068.29
 0.652602827468 -0.201637803984 -0.640140194733 1777094068.31
 0.653866756681 -0.175130900945 -0.625170417585 1777094068.33
 0.666538514827 -0.138342860218 -0.598702072387 1777094068.35
  0.688437519038 -0.0972710293817  -0.564990026056 1777094068.37
  0.716010488601 -0.0583218141702  -0.529235229739 1777094068.39
  0.744941438601 -0.0271172844647  -0.496795259855 1777094068.41
   0.770871408582 -0.00746899247148   -0.472390210287 1777094068.43
    0.790095633308 -0.000725027456526    -0.459427327469 1777094068.45
   0.800119652409 -0.00561887499291   -0.459544032102 1777094068.47
   0.7999901876 -0.018641762904 -0.472431786536 1777094068.49
   0.79036228971 -0.0348471621459  -0.495958654634 1777094068.51
  0.773311527105 -0.0489039177154  -0.526562466373 1777094068.53
  0.751940819448 -0.0561666247375  -0.559845423635 1777094068.55
  0.729860313108 -0.0535405733909  -0.591271069672 1777094068.57
  0.710632010961 -0.0399797467748  -0.616851265441 1777094068.59
  0.697267323359 -0.0165503945197  -0.633716780154 1777094068.61
 0.691846620856 0.0139081979775 -0.640488513411 1777094068.63
 0.695300085741 0.0474157840601 -0.637401598794 1777094068.65
 0.707356530858 0.0796240448271   -0.6261745975 1777094068.67
 0.726639781231  0.106574860817 -0.609654296707 1777094068.69
 0.750876501208  0.125315768169 -0.591298409716 1777094068.71
  0.77717633123  0.134289317065 -0.574580238326 1777094068.73
 0.802351843792  0.133462930114 -0.562408899148 1777094068.75
 0.823256153254  0.124211259498 -0.556655221791 1777094068.77
  0.83712312627  0.108998504898 -0.557857360018 1777094068.79
 0.841893896491 0.0909313064286 -0.565153026431 1777094068.8
 0.836503241506  0.073263001691 -0.576449855246 1777094068.82
 0.821085714883 0.0589274594311 -0.588806420492 1777094068.84
 0.797053584051 0.0501666765128 -0.598960497046 1777094068.87
 0.767004969247 0.0482938843559 -0.603915216078 1777094068.89
 0.734443616816 0.0536078564078 -0.601482753017 1777094068.9
 0.703326705873 0.0654497982679 -0.590690605491 1777094068.92
 0.677494716663 0.0823757196384 -0.571976249011 1777094068.94
 0.660068318171  0.102406255076 -0.547129903688 1777094068.97
 0.652914641558   0.12331224343 -0.518989349055 1777094068.99
 0.656284838184  0.142896797356 -0.490939375673 1777094069
 0.668703902819  0.159241565909 -0.466311445107 1777094069.02
 0.687152715376  0.170894472508 -0.447804213174 1777094069.04
 0.707526800869  0.176986180676 -0.437043743716 1777094069.07
 0.725298068787  0.177271285714 -0.434372099274 1777094069.09
 0.736259277253  0.172097550109 -0.438901084308 1777094069.1
 0.737208513207  0.162313182648 -0.448806126986 1777094069.12
 0.726439118309  0.149128452512 -0.461778253554 1777094069.14
  0.70393885771  0.133952471793 -0.475515008669 1777094069.17
 0.671263544891  0.118226576632 -0.488125892018 1777094069.19
0.631121196298 0.103271470825 -0.49835750493 1777094069.2
  0.58676520706  0.090157985047 -0.505599159692 1777094069.22
 0.541332161418 0.0796047590625 -0.509693187461 1777094069.24
 0.497262612968 0.0719037289865 -0.510626629431 1777094069.27
 0.455913789122 0.0668767522356 -0.508209635008 1777094069.29
 0.417423202982 0.0638718060112 -0.501845807815 1777094069.3
 0.380826208594 0.0618109446298 -0.490471826886 1777094069.32
 0.344380932042  0.059300541533 -0.472693672975 1777094069.35
 0.306018832014 0.0548049049099 -0.447086671304 1777094069.37
 0.263822751674 0.0468680787368 -0.412574152206 1777094069.39
 0.216437950143 0.0343505068521 -0.368772934106 1777094069.41
 0.163343118229 0.0166348374421 -0.316202913842 1777094069.42
   0.104942166351 -0.00624500988209   -0.256299254838 1777094069.45
 0.0424755163968 -0.0335835903037  -0.191223881679 1777094069.47
-0.0222166493356 -0.0641008181539  -0.123528558911 1777094069.49
 -0.087023382922 -0.0961379076469 -0.0557581084288 1777094069.51
 -0.149917883259  -0.127912336478 0.00990942781974 1777094069.52
-0.209273496502 -0.157779338543 0.0719079950024 1777094069.55
-0.264087340256 -0.184447291188  0.129374335564 1777094069.57
-0.314077198825  -0.20710699743  0.182088367274 1777094069.59
-0.359641723441 -0.225457386869  0.230303692218 1777094069.61
-0.401699698722 -0.239636116031   0.27452927267 1777094069.62
-0.441446070042 -0.250085101459  0.315324765636 1777094069.65
-0.480076162725 -0.257392521189  0.353157441182 1777094069.67
-0.518532939662 -0.262152803514  0.388344679459 1777094069.69
-0.557325055477 -0.264876288721  0.421080098762 1777094069.71
-0.596446713525 -0.265963391274   0.45151930495 1777094069.72
-0.635406489665 -0.265737632308  0.479886978093 1777094069.74
-0.673347325091 -0.264512965233  0.506562906944 1777094069.77
-0.709222332133 -0.262659894075  0.532111552261 1777094069.79
-0.741987093829 -0.260636721343  0.557236278679 1777094069.81
-0.770777563036  -0.25896617656  0.582660919227 1777094069.82
-0.795055418248  -0.25815746361  0.608961234827 1777094069.84
 -0.81471160134 -0.258591776656  0.636381666377 1777094069.87
-0.830121719652 -0.260400845904  0.664676902558 1777094069.89
-0.842147664699 -0.263371994555  0.693014899049 1777094069.91
-0.852081593478 -0.266909720058  0.719970168394 1777094069.92
-0.861531116267 -0.270073060081   0.74362395455 1777094069.94
-0.872247192309 -0.271691414249  0.761771551077 1777094069.97
-0.885901183029 -0.270543433109  0.772218666443 1777094069.99
-0.903828480762 -0.265569711285  0.773132046881 1777094070.01
-0.926772003742 -0.256083445951   0.76339698426 1777094070.02
-0.954671658355 -0.241942873845  0.742926046528 1777094070.04
-0.986546925273 -0.223652520243  0.712859842613 1777094070.07
 -1.0205071641  -0.2023665705 0.675605323023 1777094070.09
   -1.053903247 -0.179779121128  0.634674857006 1777094070.11
-1.08361058898 -0.15790423802 0.594321322218 1777094070.12
 -1.10640988073 -0.138771553582  0.559005246444 1777094070.14
 -1.11940953448 -0.124084999667  0.532769684521 1777094070.17
 -1.12043864196 -0.114906833553  0.518627094063 1777094070.19
 -1.10833921263 -0.111431565638  0.518072691457 1777094070.2
 -1.08310528235 -0.112902322844  0.530825916492 1777094070.22
  -1.0458492152 -0.117696051454  0.554864262321 1777094070.24
-0.998611888823 -0.123568232109  0.586756470298 1777094070.27
-0.944064174912 -0.128011263735  0.622237506393 1777094070.29
-0.885166325712 -0.128654258234  0.656913388125 1777094070.31
-0.824855404897 -0.123624067763  0.686955488724 1777094070.33
-0.765816083824 -0.111799981689  0.709649124324 1777094070.35
  -0.71035928238 -0.0929228471301   0.723697998179 1777094070.37
 -0.660396319871 -0.0675543605641   0.729244388835 1777094070.39
 -0.617467972894 -0.0369143790513   0.727629654318 1777094070.41
  -0.582779115128 -0.00264587596149    0.720973808869 1777094070.43
-0.557201780824 0.0334353731437  0.711682685448 1777094070.45
 -0.54123455904 0.0695563235381  0.701990525613 1777094070.47
-0.534932370011  0.104135535563  0.693619056345 1777094070.49
-0.537838241097  0.135856887414  0.687593478319 1777094070.51
-0.548953199818  0.163681308599  0.684215493959 1777094070.53
-0.566772303681  0.186823814655  0.683163772859 1777094070.55
-0.589397898478  0.204726414794  0.683676774493 1777094070.57
-0.614720941521  0.217050210142  0.684769952147 1777094070.59
-0.640643556653  0.223695592797  0.685444970014 1777094070.61
-0.665305622987  0.224843094673  0.684858648997 1777094070.63
-0.687277067114  0.220994424773   0.68243099955 1777094070.65
-0.705684359825  0.212987513547  0.677883186375 1777094070.67
-0.720251397637  0.201962621397  0.671206843055 1777094070.69
-0.731248517062  0.189267865935  0.662575635805 1777094070.71
-0.739357007483  0.176308716087  0.652218278938 1777094070.73
-0.745469019098   0.16436258141  0.640278971869 1777094070.75
-0.750453123559  0.154392066857  0.626695721644 1777094070.77
-0.754922936707  0.146895422515  0.611128060964 1777094070.79
-0.759049234808  0.141828601521  0.592961487448 1777094070.81
-0.762453606182  0.138620373653  0.571404406572 1777094070.83
-0.764212020911  0.136282301949  0.545673428874 1777094070.85
-0.762978710441  0.133593456165  0.515236888843 1777094070.87
-0.757216506846  0.129321643343  0.480061305481 1777094070.89
-0.745495253544  0.122434630587  0.440790914792 1777094070.91
-0.726802486546  0.112259315778  0.398794679742 1777094070.93
-0.700805374343 0.0985624263686  0.356040983458 1777094070.95
-0.668010635791 0.0815475494815  0.314802802725 1777094070.97
-0.629787163854 0.0617832405061  0.277244605541 1777094070.99
-0.588240280896 0.0400900179462  0.244982408824 1777094071.01
-0.545952405474 0.0174173990633  0.218727005179 1777094071.03
  -0.505627646866 -0.00526376070087    0.198109085203 1777094071.05
 -0.469693373382 -0.0270398580742   0.181744464396 1777094071.07
 -0.43991831061 -0.047101897926  0.167538251774 1777094071.09
 -0.417105012026 -0.0647664976349   0.153165420449 1777094071.11
-0.400906192018 -0.079476836427  0.136619054677 1777094071.13
 -0.389799829091 -0.0907885495006   0.116698500248 1777094071.15
 -0.381236872092 -0.0983457926368  0.0933218236242 1777094071.17
-0.371949422172 -0.101856332417 0.0675868236352 1777094071.19
-0.358381192812 -0.101079539186  0.041562566022 1777094071.21
 -0.337181850903 -0.0958432562404  0.0178550412928 1777094071.23
   -0.305696364263   -0.0861010456408 -0.000959050856898 1777094071.25
 -0.262380152016 -0.0720294084111 -0.0129092502032 1777094071.27
 -0.207079221012 -0.0541476592226 -0.0170991167337 1777094071.29
 -0.141130278789 -0.0334263358517  -0.013971561081 1777094071.31
 -0.0672580047463  -0.0113399982212 -0.00532155763735 1777094071.33
 0.0107267903934  0.0101768976765 0.00594505343548 1777094071.34
0.0883969412545 0.0288940993227 0.0162625973791 1777094071.37
 0.161290821883 0.0425622758688 0.0219869563437 1777094071.39
 0.225531245448 0.0492614558534 0.0200064033193 1777094071.41
  0.278393897225   0.047754850132 0.00827560261764 1777094071.43
  0.318734644535  0.0377729431654 -0.0138221602245 1777094071.45
 0.347194919141 0.0201629774869 -0.045352434037 1777094071.47
   0.366131072347 -0.00313569630504  -0.0839749113873 1777094071.49
  0.379257163599 -0.0292970617209  -0.126337592425 1777094071.51
  0.391044347862 -0.0549688827041  -0.168653943812 1777094071.53
  0.405971323698 -0.0767363168555  -0.207359900463 1777094071.55
  0.427755424579 -0.0916202831119  -0.239728497829 1777094071.57
  0.458703234716 -0.0975355987092  -0.264324541335 1777094071.59
  0.499300465804 -0.0936366520102  -0.281210406798 1777094071.61
  0.548117469536 -0.0804901698525  -0.291861864871 1777094071.63
  0.602048435514 -0.0600360701403  -0.298810476392 1777094071.65
  0.656841034385 -0.0353284488326  -0.305084867206 1777094071.67
  0.707821073862 -0.0100863197679  -0.313565112987 1777094071.69
 0.750682872958 0.0118794336428 -0.326382998726 1777094071.71
 0.782205124492 0.0272696421153 -0.344491358155 1777094071.73
 0.800764415273 0.0338283202471 -0.367489700556 1777094071.75
 0.806552390709 0.0307096201396 -0.393738822311 1777094071.77
 0.801454435626 0.0186147558899 -0.420736330611 1777094071.79
   0.788611538938 -0.00032899156475   -0.445671226136 1777094071.81
  0.771751811253 -0.0229329696694  -0.466039675807 1777094071.83
  0.754428968976 -0.0455002496735  -0.480191992036 1777094071.85
 0.739327486955 -0.064476924046 -0.487693845867 1777094071.87
  0.727780016889 -0.0770880511907  -0.489420085687 1777094071.89
  0.719594226007 -0.0818382721689  -0.487351278142 1777094071.91
  0.713215387975 -0.0787719885071  -0.484102644402 1777094071.93
  0.706175903831 -0.0694256893263  -0.482271871736 1777094071.95
  0.695722319488 -0.0564622625953  -0.483735270191 1777094071.97
  0.679478650232 -0.0430444217787  -0.489041456885 1777094071.99
  0.656007541722 -0.0320668523611  -0.497042536871 1777094072.01
  0.625163669237 -0.0254079998282  -0.504864530093 1777094072.03
  0.588184966107 -0.0233704425587  -0.508257761888 1777094072.05
  0.547522308811 -0.0244498088243  -0.502295497213 1777094072.07
  0.506454843821 -0.0255114353921   -0.48231899902 1777094072.09
  0.468568811157 -0.0223730395034  -0.444972037127 1777094072.11
  0.437190546227 -0.0107055345857  -0.389136899548 1777094072.13
 0.414861777929 0.0129109836833 -0.316582757131 1777094072.15
 0.402932206024 0.0499873566434 -0.232168411422 1777094072.17
 0.401325313405 0.0994019400927 -0.143504446048 1777094072.19
  0.408511023632   0.157138225612 -0.0600692065826 1777094072.21
  0.421693437784   0.216590823079 0.00812322567051 1777094072.23
 0.437193384554  0.269440362733 0.0521055750549 1777094072.25
 0.450975946108  0.306980330576 0.0655204476119 1777094072.27
 0.459247499773  0.321673491608 0.0458689473031 1777094072.29
   0.459031327476    0.308646491354 -0.00481515839955 1777094072.31
  0.448629940399   0.266818651914 -0.0800315101515 1777094072.33
 0.427896992466  0.199414436207 -0.169648148037 1777094072.35
 0.39826992071 0.113721954698 -0.26138315632 1777094072.37
  0.36255200103 0.0201090167196 -0.342680187889 1777094072.39
  0.324473487457 -0.0695404801521  -0.402644844557 1777094072.41
 0.288098911935 -0.143688718767  -0.43369624676 1777094072.43
  0.25717455006 -0.192964770696 -0.432644370127 1777094072.45
 0.234521471954  -0.21161622333 -0.401015139963 1777094072.47
 0.221573502302 -0.198341225047 -0.344587530797 1777094072.49
  0.21813680947 -0.156373322755 -0.272251078881 1777094072.51
  0.222412115166 -0.0928314585386  -0.194410834965 1777094072.53
   0.23127708163 -0.0174761055687  -0.121238823458 1777094072.55
  0.240782500442  0.0588928587949 -0.0610849130062 1777094072.57
  0.246779555181   0.126113706305 -0.0193147948648 1777094072.59
  0.245573807689   0.176137057676 0.00225130076056 1777094072.61
   0.23449892677   0.204068932978 0.00524831541477 1777094072.63
   0.212319759361    0.208641474515 -0.00590129090036 1777094072.65
  0.179406359769   0.192075780844 -0.0250575455704 1777094072.67
   0.13766130595     0.1594064275 -0.0456031132738 1777094072.69
 0.0902239726075   0.117423135037 -0.0616152768577 1777094072.71
  0.041009835509  0.0734373841923 -0.0687715864229 1777094072.73
-0.00583506449295   0.0340935134077  -0.0648634854332 1777094072.75
-0.0464770693883 0.00441608193006  -0.049878737161 1777094072.77
-0.0778549516737 -0.0127735462747 -0.0256958504436 1777094072.79
-0.0979961467541 -0.0170148526016 0.00450274150559 1777094072.81
  -0.106156632962 -0.00996195505541   0.0369562153913 1777094072.83
-0.102784679037 0.0051783164642 0.0680414349269 1777094072.85
-0.0893397108111  0.0243920710551  0.0948524049978 1777094072.87
-0.0680200904391  0.0436389614113   0.115556206271 1777094072.89
-0.0414622744059  0.0595287399709   0.129489167283 1777094072.91
-0.0124667489317   0.069786830182   0.137009364452 1777094072.93
0.0162141702143 0.0734497826946  0.139167551607 1777094072.95
0.0420189332349 0.0707868760703  0.137290933721 1777094072.97
0.0626680071874 0.0629975195917  0.132586504239 1777094072.99
0.0762381752743 0.0517752140898  0.125859324193 1777094073.01
0.0812545218909 0.0388485433565   0.11740737164 1777094073.03
0.0768183469818 0.0256030527948  0.107105801573 1777094073.05
0.0627620139862 0.0128566261767 0.0946420611629 1777094073.07
    0.03979421983 0.000814061207273   0.0798232873147 1777094073.09
0.00958234607342  -0.010822004859  0.0628597430072 1777094073.11
-0.0252807732888 -0.0226424672601  0.0445370816556 1777094073.13
-0.0614596468339 -0.0352977662601   0.026222537681 1777094073.15
-0.0952108244248 -0.0493016295764 0.00969600424532 1777094073.17
 -0.122835546459 -0.0649107484377  -0.003156370832 1777094073.19
 -0.141184648005 -0.0820896152599 -0.0107130313314 1777094073.21
 -0.148130957503  -0.100547127383 -0.0119635072898 1777094073.23
    -0.1429231471   -0.119820584844 -0.00674863698823 1777094073.25
 -0.126352056111  -0.139382432916 0.00416073357719 1777094073.27
-0.100691910403 -0.158750300247 0.0191629891484 1777094073.29
-0.0694177331537  -0.177585813914  0.0360785634344 1777094073.31
-0.0367390795662  -0.195769495064  0.0524992465914 1777094073.33
-0.00702215749821    -0.21343904507   0.0661594624845 1777094073.35
0.0158083654774 -0.230980370798 0.0752559978458 1777094073.37
 0.028793868776 -0.248967953978 0.0786607317291 1777094073.39
0.0303128946021 -0.268063424317 0.0760005702994 1777094073.41
0.0202468621951   -0.2888943003 0.0676115728731 1777094073.43
-7.68200167873e-05    -0.311942747286    0.0544008331393 1777094073.45
-0.0281459236011  -0.337472212031  0.0376628633573 1777094073.47
-0.0606792184015  -0.365507389404  0.0188947267492 1777094073.49
   -0.094124012611    -0.395864372877 -0.000360458054517 1777094073.51
 -0.125150908665  -0.428210344785 -0.0186310256718 1777094073.53
 -0.151064589797  -0.462123106791 -0.0345998404388 1777094073.55
 -0.170068324044  -0.497124239857 -0.0471638236267 1777094073.57
 -0.181350814313  -0.532674438558 -0.0554783741744 1777094073.59
 -0.185000086812  -0.568139000158 -0.0589882596599 1777094073.61
 -0.181782381036  -0.602746452724 -0.0574410802342 1777094073.63
 -0.17284789116 -0.635566807452 -0.050879403542 1777094073.65
-0.159435327482 -0.665526842259   -0.0396134241 1777094073.67
 -0.142641608371  -0.691463839389 -0.0241840460483 1777094073.69
 -0.123302455107  -0.712205465957 -0.0053313686742 1777094073.71
-0.101998689108 -0.726659236155 0.0160184750167 1777094073.73
-0.079169143464 -0.733901330759 0.0387450169192 1777094073.75
-0.0552829141658  -0.733265856111  0.0615149266638 1777094073.77
-0.0310084430328  -0.724442698336  0.0827774788828 1777094073.79
-0.00731872806602   -0.707587337246    0.100803982493 1777094073.81
0.0145093179091 -0.683428118419  0.113796090465 1777094073.83
0.0330125048302 -0.653333008067  0.120072001571 1777094073.85
0.0467531071283 -0.619282742431  0.118316300252 1777094073.87
0.0545749893121 -0.583704247696  0.107854887662 1777094073.89
0.0558426064196 -0.549152280683 0.0888987792832 1777094073.91
0.0506066658234 -0.517879865686 0.0626960041177 1777094073.93
0.0396588040315  -0.49138955935 0.0315421068073 1777094073.95
  0.0244626544022   -0.470085792159 -0.00137581467626 1777094073.97
0.00697360399642  -0.453139144025 -0.0322958506075 1777094073.99
-0.0106204025913  -0.438625860642 -0.0573238843438 1777094074.01
-0.0261924609304  -0.423933704287 -0.0729451284663 1777094074.03
 -0.037957173565  -0.406351231008 -0.0765352292069 1777094074.05
-0.0446960310563  -0.383706045421  -0.066798615924 1777094074.07
-0.0458973568553  -0.354904614153 -0.0440671324371 1777094074.09
-0.0417949219032  -0.320252659552 -0.0104044556079 1777094074.11
-0.0333042479449  -0.281487274139  0.0305193547401 1777094074.13
-0.0218695342911  -0.241511212235  0.0737935957545 1777094074.15
-0.00924555214538   -0.203874571075    0.113851476193 1777094074.17
0.00275413194138  -0.172096563898   0.145214838909 1777094074.19
0.0125095011103 -0.148958102761  0.163303218524 1777094074.21
0.0188159991501 -0.135914453432  0.165183476055 1777094074.23
0.0210484376045 -0.132762209803  0.150127682772 1777094074.25
0.0192435794197 -0.137641249461  0.119864001337 1777094074.27
0.0140855600941 -0.147372699681 0.0784478472904 1777094074.29
0.00679123638322  -0.158053112236  0.0317425010401 1777094074.31
-0.0010907747731  -0.165767100291 -0.0134305650841 1777094074.33
-0.00793826278538   -0.167259780402  -0.0503441431364 1777094074.35
-0.0123316729497   -0.16042941887  -0.073444619685 1777094074.37
-0.0133048152702  -0.144553028557 -0.0792663928744 1777094074.39
-0.0105263137231  -0.120227702014 -0.0670132512496 1777094074.41
-0.0043739842675 -0.0890764534708 -0.0386979126596 1777094074.43
0.00412014292702 -0.0533097125932  0.0011880298994 1777094074.45
  0.013451128046 -0.0152447341735  0.0464170914588 1777094074.47
0.0219174068887 0.0231281908026 0.0900538714319 1777094074.49
0.0279396062748 0.0604681157991   0.12559345766 1777094074.51
0.0303619572614 0.0962548668777  0.148019907779 1777094074.53
0.0286817622198  0.130793274953  0.154610593395 1777094074.55
0.0231659431684  0.165056995717  0.145355987485 1777094074.57
0.0148318863839   0.20040182746  0.122927214355 1777094074.59
0.00529136025396   0.238199397326  0.0921949446573 1777094074.61
-0.00352035413537    0.279457488419   0.0593736143301 1777094074.63
-0.00968673079363    0.324499792506   0.0309264285174 1777094074.65
-0.011666011895  0.372772295875 0.0124108150988 1777094074.67
-0.00859908912579    0.422823742316  0.00746174729051 1777094074.69
-0.000513575184364     0.472475172698    0.0170944488685 1777094074.71
0.0116160513007  0.519154887311 0.0394575205156 1777094074.73
0.0259691832233  0.560339503414 0.0700901176107 1777094074.75
0.040130309699 0.594016845838 0.102647046259 1777094074.77
0.0514544634851  0.619076747933  0.129971108464 1777094074.79
0.0574921945089  0.635544362898  0.145329378735 1777094074.81
0.0564111896643  0.644599535584  0.143601811599 1777094074.83
0.0473522607234  0.648373349529  0.122221916855 1777094074.85
0.0306638939732  0.649568344369 0.0817161050143 1777094074.87
0.00797127343006   0.650993201214  0.0257581577116 1777094074.89
-0.0179454460672   0.655118429481 -0.0392680849111 1777094074.91
-0.0434620837246   0.663741916805  -0.105134900309 1777094074.93
-0.0645781093032   0.677812722763  -0.162947098287 1777094074.95
-0.0774805471886   0.697416251469  -0.204470322348 1777094074.97
-0.0791248984917   0.721888474747  -0.223429041696 1777094074.99
-0.0677471363709   0.750007211431  -0.216585020831 1777094075.01
-0.0432257322303   0.780204176876  -0.184419797704 1777094075.03
-0.00722835820625    0.810749945519   -0.131281442083 1777094075.05
 0.0368960868892   0.839882232443 -0.0649201721976 1777094075.07
 0.0844845261271   0.865872357068 0.00457137360489 1777094075.09
 0.130149885429  0.887049905503 0.0662885591504 1777094075.11
0.168518354203 0.901824245567 0.110284899868 1777094075.13
0.195004616955 0.908746795029 0.129275172968 1777094075.15
0.206497564324 0.906646364424 0.119946464596 1777094075.17
 0.201832800475  0.894843649261 0.0836065294605 1777094075.19
 0.181958726576  0.873417397273 0.0260209877212 1777094075.21
  0.149757394493   0.843463885865 -0.0435453778554 1777094075.23
 0.109548212852  0.807272617229 -0.113903072488 1777094075.25
0.0663651839451  0.768341430641 -0.173823659744 1777094075.27
0.0251413766863  0.731176250513 -0.213878301062 1777094075.29
-0.0100507082355   0.700861668043  -0.227895585611 1777094075.31
-0.0365682821709   0.682439782543  -0.213797757424 1777094075.33
-0.0534811048956   0.680183347158  -0.173708358962 1777094075.35
-0.0615283952001   0.696882491105  -0.113367562821 1777094075.37
-0.0627740607107   0.733274023793  -0.041014216507 1777094075.39
-0.0600440716875   0.787727300863  0.0340260789153 1777094075.41
-0.056272467966  0.856265025894  0.102780598976 1777094075.43
-0.0538977877412   0.932947476635   0.157856197699 1777094075.45
-0.0544344990033    1.01059059548   0.194279663736 1777094075.47
-0.0582968106538    1.08172841054   0.209869221171 1777094075.49
-0.0648860563012    1.13967673492   0.205148621475 1777094075.51
-0.0728856383697    1.17951965707   0.182893343857 1777094075.53
-0.080659368995   1.19883579877  0.147447035692 1777094075.55
-0.0866347972673    1.19801633466   0.103959500046 1777094075.57
-0.0895758922761    1.18009999303  0.0576776574148 1777094075.59
-0.088699096909   1.15014790866 0.0133780411528 1777094075.61
-0.0836444530875    1.11428007456 -0.0250213989095 1777094075.63
-0.0743595624828    1.07856963734 -0.0546759056323 1777094075.65
-0.0609747400101    1.04802116406 -0.0738869786409 1777094075.67
-0.0437381579364    1.02583533295 -0.0820735382588 1777094075.69
-0.0230451038193    1.01309055865 -0.0796751668728 1777094075.71
0.000451122917022     1.00887065625  -0.0680104061352 1777094075.73
 0.0257003753962    1.01076425628 -0.0491029379968 1777094075.75
 0.0511632578038    1.01558424755 -0.0254820941723 1777094075.77
  0.0748324733759     1.02012337728 3.79530662062e-05 1777094075.79
0.094403516642  1.02177973733 0.024594461134 1777094075.81
 0.107584917485   1.01894223968 0.0455184568393 1777094075.83
 0.112493374251   1.01110030566 0.0605703199907 1777094075.85
 0.108047802909  0.998711213447 0.0681538753067 1777094075.87
0.0942675669638  0.982905920087 0.0674931867512 1777094075.89
0.0723967951236  0.965132012868 0.0587537431125 1777094075.91
0.0448142315756  0.946822215442 0.0430848504981 1777094075.93
0.0147355791833  0.929146971385 0.0225560092753 1777094075.95
  -0.0142405603511     0.912872232259 -3.64852034153e-05 1777094075.97
-0.0386617913801    0.89831094044 -0.0214998413622 1777094075.99
-0.0557329202482   0.885337453628 -0.0386893892097 1777094076.01
-0.0637216960557   0.873430997427 -0.0490094203062 1777094076.03
-0.0621927734904   0.861724116692 -0.0508825055192 1777094076.05
 -0.052034402683   0.849048681689 -0.0440873269234 1777094076.07
-0.0352782506853   0.833988485734 -0.0298776321985 1777094076.09
-0.0147467772027   0.814958313615 -0.0108327353611 1777094076.11
0.00641124191531   0.790330945707 0.00955440963952 1777094076.13
0.0252210559211  0.758624600846 0.0274860122251 1777094076.15
0.0393376584212   0.71874526159 0.0395520813989 1777094076.17
0.0473825881362  0.670255224963 0.0433708246219 1777094076.19
0.0491052986593  0.613616912739 0.0380472388928 1777094076.21
0.0453421311704  0.550346106635 0.0243538814082 1777094076.23
 0.0377835238584   0.483007931549 0.00459104400208 1777094076.25
 0.0285976341791   0.415007129629 -0.0178532669958 1777094076.27
  0.019986671666   0.350162455121 -0.0391612546181 1777094076.29
  0.013764219022   0.292107923939 -0.0558306689873 1777094076.31
0.0110351537824  0.243618681596   -0.0653542729 1777094076.33
 0.0120357435302   0.205999349325 -0.0666901631824 1777094076.35
 0.0161549392458   0.178681702107 -0.0604223508727 1777094076.37
  0.022117630021   0.159147897597 -0.0485779089954 1777094076.39
 0.0282778365637   0.143229176824 -0.0341434036617 1777094076.41
  0.032953524877   0.125744388894 -0.0203915858412 1777094076.43
 0.0347370786212   0.101361332297 -0.0101726770694 1777094076.45
  0.032731265938  0.0655094527066 -0.0053312859796 1777094076.47
   0.026681440549   0.0151598739458 -0.00637727796237 1777094076.49
 0.0169944981028 -0.0506788746787 -0.0124750084944 1777094076.5
0.00465170341874  -0.130833603403 -0.0217375445328 1777094076.53
-0.0089636756668  -0.222209222529 -0.0317415921373 1777094076.55
-0.0222918928608    -0.3203282665 -0.0401321975049 1777094076.57
-0.0338365420486  -0.420044421058 -0.0451732373572 1777094076.59
-0.0423794719953  -0.516289780687 -0.0461205965554 1777094076.6
-0.0471388633921   -0.60472723864  -0.043342771164 1777094076.63
-0.0478521740084  -0.682213127159  -0.038176545193 1777094076.65
 -0.044782068444  -0.747022982764 -0.0325686906096 1777094076.67
-0.0386576279578  -0.798845655758 -0.0286032566157 1777094076.69
 -0.030570591571  -0.838595787843 -0.0280357952503 1777094076.71
-0.0218455101393  -0.868119887798 -0.0319452530069 1777094076.73
-0.0138961472711  -0.889870875652 -0.0405746145609 1777094076.75
-0.00807382960164   -0.906603970114  -0.0533746842823 1777094076.77
-0.00551163561342   -0.921114859643  -0.0692089495663 1777094076.79
-0.00697235508822    -0.93601281685  -0.0866385710036 1777094076.81
-0.0127152044025  -0.953507326041  -0.104196476983 1777094076.83
-0.0224023001176  -0.975191942311  -0.120579320065 1777094076.85
-0.0350680120437   -1.00183154904  -0.134726086217 1777094076.87
-0.0491710021766   -1.03318917221  -0.145796430676 1777094076.89
-0.0627389624996   -1.06795088574   -0.15309462831 1777094076.91
-0.0735997474242   -1.10380845324  -0.155996728297 1777094076.93
-0.0796724768546   -1.13773456788  -0.153928026804 1777094076.95
-0.0792741858236   -1.16644135048  -0.146411894622 1777094076.97
-0.0713883697203   -1.18696220423  -0.133180325749 1777094076.99
-0.0558451360628   -1.19725376466  -0.114312457093 1777094077.01
-0.0333780501909   -1.19669005398 -0.0903569270331 1777094077.03
-0.00554634284989    -1.18632459571  -0.0623982283649 1777094077.05
 0.0254623677762   -1.16883369443 -0.0320417808525 1777094077.07
  0.0571104085181    -1.14812164559 -0.00131105205984 1777094077.09
0.0868172720937  -1.12865024163 0.0275321502267 1777094077.11
 0.112243777857  -1.11462646983 0.0522188647556 1777094077.13
 0.131514914699  -1.10922183534 0.0707216508511 1777094077.15
  0.14336413989  -1.11399323196 0.0814855320263 1777094077.17
 0.147201578562  -1.12863046529 0.0836123039331 1777094077.19
 0.143120438865  -1.15108103788 0.0769800118664 1777094077.21
 0.131858529403  -1.17801668548 0.0622893594469 1777094077.23
  0.11472742407  -1.20552959572 0.0410344892204 1777094077.25
0.0935140983842  -1.22989851805 0.0153975355253 1777094077.27
 0.0703519424218   -1.24825708392 -0.0119319676686 1777094077.29
 0.0475530175413   -1.25902761287 -0.0380072637444 1777094077.31
 0.0273944326478   -1.26204251132 -0.0599304991608 1777094077.33
  0.011860844721   -1.25834694293 -0.0751904353814 1777094077.35
0.00236163620156    -1.2497462122 -0.0819956845823 1777094077.37
-0.000538706383829     -1.23821639178   -0.0795572963179 1777094077.39
0.00267861708327   -1.22532565918 -0.0682699507828 1777094077.41
 0.0104175964069    -1.2118083646 -0.0497463282095 1777094077.43
 0.0200838988797   -1.19739317989 -0.0266766398353 1777094077.45
  0.0284126792042    -1.18092013803 -0.00251288787604 1777094077.47
0.0319882738934  -1.16070678574 0.0189906194125 1777094077.49
 0.027884025633  -1.13506135981 0.0343199399822 1777094077.51
0.0143062333056  -1.10280684737   0.04074692125 1777094077.53
-0.00889477091175    -1.06368133942   0.0367899608447 1777094077.55
-0.0399723072613   -1.01851510338  0.0225098361765 1777094077.57
  -0.0753731236073    -0.969143240561 -0.000419101940148 1777094077.59
 -0.110187449341  -0.918079492071 -0.0288902045911 1777094077.61
 -0.138903372338  -0.868035119697 -0.0587864016412 1777094077.63
 -0.156341634592  -0.821402913926 -0.0855884734511 1777094077.65
-0.158600010525 -0.779832332658  -0.10507761735 1777094077.67
-0.143822604562 -0.743996987385 -0.114015070567 1777094077.69
-0.112634690879 -0.713606578544 -0.110676823188 1777094077.71
-0.0681451304162  -0.687653772841 -0.0951414656011 1777094077.73
-0.0155035969309  -0.664827347884 -0.0692726211546 1777094077.75
 0.0389099754705  -0.643981066479 -0.0363964183421 1777094077.77
   0.0885115326362    -0.624534079201 -0.000736179824918 1777094077.79
 0.127559993808 -0.606696556967 0.0332838663882 1777094077.81
  0.15202995167 -0.591458225364 0.0617293381298 1777094077.82
 0.160155075244 -0.580335254872 0.0817117017153 1777094077.85
 0.152558399692 -0.574928230586 0.0917182733105 1777094077.87
 0.131970023246 -0.576388818903 0.0916829991908 1777094077.89
 0.102611205914 -0.584917803966  0.082825463938 1777094077.91
0.0693807584876 -0.599418512511 0.0673303727837 1777094077.93
0.0370056195811 -0.617405608726 0.0479564707797 1777094077.95
0.00931037740745  -0.635220774867  0.0276517211173 1777094077.97
-0.0112756447054  -0.648540036746 0.00922091054105 1777094077.98
 -0.0239106785168   -0.653085927042 -0.00494145521386 1777094078.01
-0.0292310011841  -0.645400418828 -0.0130620641416 1777094078.03
-0.0289934998347  -0.623509861367 -0.0141563930055 1777094078.05
 -0.0255629326171    -0.58733050843 -0.00815330946119 1777094078.07
  -0.02135473992   -0.53871916512 0.00404293951832 1777094078.09
-0.0183416799808  -0.481153137917  0.0205881024691 1777094078.11
-0.017710987211 -0.419106268398 0.0388652809277 1777094078.13
-0.0197222686505  -0.357252781616  0.0557995336143 1777094078.15
-0.0237725243617   -0.29966286783  0.0683008642798 1777094078.17
-0.0286336340829  -0.249147484333  0.0737785815184 1777094078.19
-0.0327983670993  -0.206869428013  0.0706401563339 1777094078.21
-0.0348577395571  -0.172276055572  0.0586756623236 1777094078.22
-0.0338347484386   -0.14334216092  0.0392392681381 1777094078.25
-0.0294140371592  -0.117053947456   0.015171236914 1777094078.27
 -0.0220302018053  -0.0900268547798 -0.00954868455875 1777094078.29
-0.0128049832091 -0.0591360553502 -0.0303733277065 1777094078.31
-0.00335044384316  -0.0220484228339  -0.0428977155337 1777094078.33
0.00452325896826  0.0224260918557 -0.0435911673589 1777094078.35
0.00914310648443  0.0742052889827 -0.0304315609766 1777094078.37
 0.00929296418253    0.132026402299 -0.00333629863179 1777094078.39
0.00446051293081   0.193719669673  0.0356854545876 1777094078.41
-0.00503657001508    0.256598401949   0.0826946290996 1777094078.43
-0.0180741464103   0.317888410818   0.132287673897 1777094078.45
-0.0328964364892   0.375123368386   0.178307839978 1777094078.47
-0.0474129890157   0.426449342935    0.21470249004 1777094078.49
-0.0595620446106   0.470805682484   0.236397286701 1777094078.51
-0.0676685126767     0.5079735948   0.240048955894 1777094078.52
-0.0707232923547   0.538503097647   0.224553783624 1777094078.55
-0.0685249935673   0.563542337677   0.191228458455 1777094078.57
-0.0616537452042   0.584602334401   0.143636367015 1777094078.59
-0.0512845037002    0.60329642468  0.0870935494297 1777094078.61
-0.038885184187  0.621096063331 0.0279399910172 1777094078.63
-0.0258728733416   0.639140689435 -0.0273069469452 1777094078.65
-0.0133117627369   0.658127871237 -0.0727927533306 1777094078.67
-0.0017266399117   0.678292627446  -0.104048103384 1777094078.69
0.00892207376674   0.699465795804  -0.118507499409 1777094078.71
0.0190960357741   0.72118547263 -0.115770801511 1777094078.73
 0.0294079621921   0.742827369979 -0.0975886556016 1777094078.75
 0.0402975001837   0.763722377227 -0.0675856376393 1777094078.77
  0.051748223233   0.783242204666 -0.0307629035858 1777094078.79
 0.0631327699947   0.800851510967 0.00715684587264 1777094078.81
0.0732409246503  0.816139049045  0.040465535888 1777094078.83
0.0804973523713  0.828844359166 0.0642033513119 1777094078.85
0.0833252651894  0.838889485308 0.0748055510436 1777094078.87
0.0805721610011  0.846412326178 0.0705849565978 1777094078.89
0.0718927283828  0.851787421422 0.0519875257344 1777094078.91
0.0579865912196  0.855617403809  0.021580948831 1777094078.93
 0.0406153988028    0.85868582972 -0.0162353991011 1777094078.95
 0.0223708446271   0.861876435848 -0.0557787146989 1777094078.97
0.00622304144617   0.866078147183 -0.0908353549503 1777094078.99
-0.00506645682359    0.872101874959   -0.115532238287 1777094079.01
-0.00954483418176    0.880630112578   -0.125215919416 1777094079.03
-0.00654796817044    0.892205152545   -0.117213494573 1777094079.05
0.00305521809116   0.907242992201  -0.091350473484 1777094079.07
 0.0169255322655   0.926045802807 -0.0501213146925 1777094079.09
 0.0316332514203   0.948782217044 0.00154970430211 1777094079.11
0.0432965264881  0.975413731563 0.0569583770507 1777094079.13
0.0483595787849   1.00556556147  0.108609611973 1777094079.15
0.0443531197388   1.03836670222  0.149402944866 1777094079.17
0.0304734478679   1.07230960907  0.173817976826 1777094079.19
0.00784720839032    1.10519580531   0.178880838018 1777094079.21
-0.020588926235   1.13423126107  0.164711752774 1777094079.23
-0.050582984191   1.15630999636  0.134517217824 1777094079.24
-0.0773436739641     1.1684786224  0.0939923629216 1777094079.27
-0.0964405746125    1.16851836143  0.0502228607246 1777094079.29
-0.104642349771   1.15552920732 0.0102938981736 1777094079.31
-0.100519988031   1.13036937929 -0.020105959849 1777094079.33
-0.0846941766199    1.09580618192 -0.0377821942095 1777094079.35
-0.0596838556456    1.05627995128 -0.0425876847552 1777094079.37
-0.0293981723528    1.01726779616 -0.0373080358847 1777094079.39
0.00161296540619   0.984339891136 -0.0269090632721 1777094079.41
 0.0289898566611   0.962096704732 -0.0173240096757 1777094079.43
 0.0493083390255   0.953227192881 -0.0140613118196 1777094079.45
   0.06060181844    0.95791475773 -0.0209476462073 1777094079.47
 0.0625782630598   0.973741198603 -0.0392789278934 1777094079.49
 0.0565167863428   0.996121882937 -0.0675474744962 1777094079.51
0.0448896840042   1.01918206505 -0.101776044713 1777094079.53
0.0308013385318   1.03688730489 -0.136354771704 1777094079.55
 0.017360295961   1.04419198799 -0.165176685258 1777094079.57
0.00710383588774    1.03797581093  -0.182820853179 1777094079.59
0.00157668149232    1.01759167016  -0.185543471229 1777094079.61
0.00113093575023   0.984933267662  -0.171897549101 1777094079.62
0.00496958112844   0.944027087675  -0.142893119256 1777094079.64
0.0114094026156  0.900242587718 -0.101709834359 1777094079.67
 0.0182992953184   0.859281397211 -0.0530607821075 1777094079.69
  0.0235035321408    0.826140400947 -0.00236369765669 1777094079.71
0.0253517095743  0.804239641077  0.045105304545 1777094079.72
  0.02296968935  0.794865703021 0.0849200070063 1777094079.74
0.0164359143134   0.79701395912  0.113969555413 1777094079.77
0.0067467101877  0.807634252685  0.130644171457 1777094079.79
-0.00438808165922    0.822212043641    0.134771437297 1777094079.81
-0.0148698774914   0.835565275317   0.127381962364 1777094079.83
-0.022592339441  0.842713510586  0.110400095814 1777094079.85
-0.0258116172387   0.839679228923  0.0863387465139 1777094079.87
-0.0234463349732   0.824104752145   0.058038356013 1777094079.89
-0.0152636062344   0.795603499639  0.0284479995875 1777094079.91
-0.00192854891781    0.755804281976 0.000420174605586 1777094079.92
 0.0150832364981   0.708088184029 -0.0235100028749 1777094079.94
  0.033692347414   0.657057210164 -0.0413676796599 1777094079.97
 0.0515103552112   0.607810079678 -0.0519750010174 1777094079.99
 0.0661825563435   0.565129766646 -0.0551235337321 1777094080.01
 0.0757324866632   0.532704765605 -0.0516150345221 1777094080.02
 0.0788598023142   0.512506968575 -0.0431240209546 1777094080.04
0.0751470036557  0.504430677729 -0.031883446861 1777094080.07
 0.0651412375705   0.506260186762 -0.0202532665278 1777094080.09
 0.0502936685242   0.513981931603 -0.0102764704713 1777094080.1
  0.0327585411822    0.522399126218 -0.00333731269371 1777094080.12
   0.0150754920067     0.525951827045 -5.27311741998e-06 1777094080.14
-0.000220134527243     0.519603996696 -8.74399418855e-05 1777094080.17
 -0.0109974957284    0.499641047954 -0.00284583751395 1777094080.19
 -0.0158730772379    0.464233267405 -0.00729032936154 1777094080.2
-0.0144358909567   0.413663457072 -0.0124477226361 1777094080.22
-0.00731535761497    0.350184151946  -0.0175337710636 1777094080.24
 0.0039200930931   0.277545993911 -0.0220031350054 1777094080.27
 0.0170175276905   0.200304948658 -0.0255019613089 1777094080.29
 0.0294070567931   0.123054698138 -0.0277791035585 1777094080.31
  0.038625091434  0.0497329214927 -0.0286149175663 1777094080.32
 0.0427267839182 -0.0168809819035  -0.027803838617 1777094080.34
 0.0406213315021 -0.0754120292372 -0.0251922499191 1777094080.37
 0.0322739308626  -0.125874357884 -0.0207438279894 1777094080.39
 0.0187372324007  -0.169441653253 -0.0145930561288 1777094080.41
 0.00200097218255    -0.20808586303 -0.00705630351461 1777094080.42
-0.0153218790877  -0.244178709048 0.00140834486322 1777094080.44
-0.0304245431734  -0.280137680528  0.0102780730956 1777094080.47
-0.040779439932 -0.318166307961 0.0190502791444 1777094080.49
-0.0445703096957  -0.360099463245  0.0273061027324 1777094080.51
-0.041002909004 -0.407331332871 0.0347351942526 1777094080.52
-0.0304351002076  -0.460785407178  0.0411223815141 1777094080.54
-0.0143024199965  -0.520885078661  0.0463121000988 1777094080.57
0.00514306539314  -0.587498641655  0.0501721226724 1777094080.59
0.0252243575092 -0.659858946948 0.0525728865452 1777094080.61
 0.043280012379 -0.736487160825 0.0533870973751 1777094080.62
0.0570669705735 -0.815170139806  0.052503781754 1777094080.64
0.0650558174811 -0.893041501024 0.0498474906308 1777094080.66
0.0665806744971 -0.966795212525 0.0453978182891 1777094080.69
 0.061841978855  -1.03302506999 0.0392122885385 1777094080.71
  0.05178874514  -1.08864650824 0.0314598359197 1777094080.73
0.0379210596509  -1.13132988589   0.02246732625 1777094080.75
0.0220541614141  -1.15986317971 0.0127682954106 1777094080.77
 0.0060778878324   -1.17436986922 0.00312828347341 1777094080.79
-0.00826439273235    -1.17633442837 -0.00548515884441 1777094080.81
-0.0195609200201   -1.16842781403 -0.0120103040973 1777094080.83
-0.0268686621264   -1.15416741646 -0.0154747859838 1777094080.85
-0.0297922885138   -1.13747740992 -0.0152215513572 1777094080.87
-0.0284969838921   -1.12222858636 -0.0111192497854 1777094080.89
 -0.0236521711091    -1.11183135629 -0.00369202816882 1777094080.91
-0.0163122938711   -1.10893594498 0.00588117316393 1777094080.93
-0.00775183623494    -1.11526480787   0.0159142735313 1777094080.95
0.000719511348561    -1.13156931639   0.0244843131524 1777094080.97
0.00793293492957    -1.1576739033  0.0297661167934 1777094080.99
 0.013003703371   -1.1925563112 0.0303582579098 1777094081.01
 0.015427460357  -1.23441941779 0.0255358672071 1777094081.03
0.0151280892469  -1.28073645337  0.015392881721 1777094081.05
  0.0124665571454    -1.32828594508 0.000869386234757 1777094081.07
0.00822500507586   -1.37322029985  -0.016314957491 1777094081.09
0.00357584854843   -1.41122111404 -0.0337917172542 1777094081.11
3.23828647099e-05    -1.43778152708  -0.0487179574079 1777094081.13
-0.000638509756676     -1.44862529024   -0.0579927266266 1777094081.15
0.00343029608527   -1.44023246639 -0.0585325456044 1777094081.17
 0.0139653772506   -1.41040299502 -0.0476262408999 1777094081.19
 0.0322274274943   -1.35876096618 -0.0233705186529 1777094081.21
0.0586402542107  -1.28709143461 0.0148519241397 1777094081.23
0.0924488946968  -1.19941256853 0.0659370143541 1777094081.25
0.131503860908 -1.10172038295 0.126786245635 1777094081.27
0.172265609381 -1.00139818269 0.192318306429 1777094081.29
 0.210089938869 -0.906348967326  0.255849528493 1777094081.31
 0.239795121364 -0.823971663137  0.309852486007 1777094081.33
  0.25643934357 -0.760144530878  0.347008277712 1777094081.35
 0.256173415365 -0.718388759366  0.361381247475 1777094081.37
  0.23699906967 -0.699358157383  0.349491847886 1777094081.39
 0.199269537114 -0.700743232003  0.311062624038 1777094081.41
0.145815861454  -0.7176038838 0.249267538653 1777094081.43
0.0816575666832 -0.743071867707  0.170413011384 1777094081.45
0.0133409345863 -0.769307701673  0.083094696749 1777094081.47
 -0.0519778308557   -0.788566396476 -0.00302202918477 1777094081.49
 -0.107540485554  -0.794223465744 -0.0785816444514 1777094081.51
-0.147911284596 -0.781631209572 -0.135841892257 1777094081.53
-0.169669590755 -0.748706229718 -0.169692474702 1777094081.55
-0.171774578219 -0.696185051171 -0.178244428177 1777094081.57
-0.155570910811 -0.627521954798 -0.162928420697 1777094081.59
-0.124466482926 -0.548441090651 -0.128123794422 1777094081.61
-0.0833613384315  -0.466193687008 -0.0804096959825 1777094081.63
-0.0379340116067  -0.388609060995 -0.0275758219915 1777094081.65
0.0061037996482 -0.323060701631 0.0224503452717 1777094081.67
0.0436874829664 -0.275489080971 0.0626092360147 1777094081.69
0.0709431164938 -0.249623853572 0.0875246190254 1777094081.7
0.0855501191106 -0.246525023079 0.0940469010029 1777094081.72
0.0869019311273  -0.26451569595  0.081488948275 1777094081.74
0.0760619938622 -0.299514462412 0.0515616934174 1777094081.77
  0.055528051425  -0.345705099294 0.00804864011796 1777094081.79
 0.0288336871958  -0.396420532219 -0.0437230963932 1777094081.81
3.26145467221e-05   -0.445081941658  -0.0975501880449 1777094081.83
-0.026872969048 -0.486032559439 -0.147092390656 1777094081.85
-0.0484864971875  -0.515139560128  -0.186616142796 1777094081.87
-0.0624753409526  -0.530096006356   -0.21167151916 1777094081.89
-0.0678617764376  -0.530420053586   -0.21962752894 1777094081.91
  -0.0650964179 -0.517202510317 -0.209991846875 1777094081.93
-0.0558990410626  -0.492685552029  -0.184455094825 1777094081.95
-0.0428944760395   -0.45976390455  -0.146631968822 1777094081.97
-0.0291114440139  -0.421491112234  -0.101519965095 1777094081.99
-0.0174392020319  -0.380655348671 -0.0547508447575 1777094082.01
-0.0101433118621  -0.339467614649 -0.0117548585334 1777094082.03
-0.00852597612981   -0.299383702036   0.0230208185763 1777094082.05
-0.0127823613705  -0.261061983126  0.0467067449489 1777094082.07
-0.0220611748948  -0.224442832276   0.058322840653 1777094082.09
-0.0346968089218  -0.188922353622  0.0587658272774 1777094082.11
-0.0485515868518  -0.153583059579  0.0504918482224 1777094082.13
-0.061395278985 -0.117438286418 0.0369670170719 1777094082.15
-0.0712544222511 -0.0796476399425  0.0219949889423 1777094082.17
-0.0766811489725 -0.0396692745962 0.00904476548477 1777094082.19
 -0.0769139340704  0.00266959290135 0.000693718592943 1777094082.21
-0.0719253048766  0.0471836538385 -0.0017260795686 1777094082.23
-0.0623697302599  0.0934045872974 0.00176977832646 1777094082.25
-0.0494556988318   0.140691802187 0.00996800170866 1777094082.27
-0.0347688286827   0.188347545117  0.0208144849462 1777094082.29
-0.0200700914155   0.235710381971   0.031895272481 1777094082.31
-0.00708906710292    0.282212267353   0.0409383049893 1777094082.33
0.00267016404231   0.327397566724  0.0462338299727 1777094082.35
0.00809316923467   0.370913186257  0.0468939799701 1777094082.37
0.00857275180878   0.412484615839  0.0429111329266 1777094082.39
0.00406708356981   0.451892908351  0.0350218920613 1777094082.41
-0.00490745203536     0.48896383319   0.0244283895247 1777094082.43
-0.0173458022106   0.523574354732  0.0124601805685 1777094082.45
  -0.031875002274    0.555674634281 0.000269511005968 1777094082.47
-0.0469086337514   0.585317533453 -0.0113629135216 1777094082.49
-0.0608139898175   0.612683835478 -0.0220707716599 1777094082.51
-0.0720711588929   0.638090914061 -0.0317984407026 1777094082.53
-0.0794072985801   0.661974579171  -0.040597438188 1777094082.55
-0.0818960472305   0.684836952347 -0.0483963516141 1777094082.57
-0.0790190061692   0.707157386998 -0.0548231384948 1777094082.59
-0.0706915972055   0.729270165696 -0.0591426377408 1777094082.61
-0.0572587425616   0.751223046327 -0.0603393569415 1777094082.63
-0.0394669205939   0.772642913125 -0.0573349596803 1777094082.65
-0.0184182648477   0.792644011794 -0.0492921081294 1777094082.67
0.00449055402818   0.809815095281 -0.0359309433647 1777094082.69
  0.027646038974   0.822311311444 -0.0177770979396 1777094082.71
 0.0493166487954   0.828055960987 0.00372861568852 1777094082.73
0.0677767771569  0.825031279478 0.0263021930977 1777094082.75
0.0814553364944  0.811613219044 0.0470773718375 1777094082.77
0.0891006555068  0.786889727187 0.0630237103024 1777094082.79
 0.089945390287  0.750899764426 0.0714547409792 1777094082.81
0.0838491118485  0.704742069867 0.0705341088724 1777094082.83
0.0713932395179  0.650525603698 0.0596781601007 1777094082.85
0.0539033743515  0.591162321691 0.0397628670983 1777094082.87
0.0333782664846  0.530031264336  0.013071849603 1777094082.89
 0.0123133288781   0.470565322101 -0.0170320239571 1777094082.91
-0.00657963961876     0.41582475895  -0.0466726402766 1777094082.93
-0.0207361345854   0.368123339673  -0.072168658622 1777094082.95
-0.0281433730027   0.328764478345  -0.090744007411 1777094082.97
-0.0277207992967   0.297928024942  -0.101083956989 1777094082.99
-0.0195971748946   0.274725242416  -0.103598895943 1777094083.01
-0.00520589505368    0.257412748119   -0.100314734799 1777094083.03
 0.0128561326935   0.243729406546 -0.0943937375503 1777094083.05
 0.0312149942368   0.231298377434 -0.0893826151516 1777094083.07
 0.0463025711294   0.218024908496 -0.0883602667592 1777094083.09
0.0550323668458  0.202422256087 -0.093191707173 1777094083.11
0.0554313324758   0.18381296226 -0.104073742267 1777094083.13
0.0470885237782  0.162376647334 -0.119484666539 1777094083.15
0.0313133327164  0.139042773648  -0.13654485166 1777094083.17
0.0109551764391   0.11525254122  -0.15168891809 1777094083.19
-0.0100913713698  0.0926353271161  -0.161474591804 1777094083.21
-0.0276046523806  0.0726603123289  -0.163328657137 1777094083.23
-0.0378389723319  0.0563309628879  -0.156059786248 1777094083.25
-0.0382573598195  0.0439852729884  -0.140038281504 1777094083.27
-0.0280530381003  0.0352450734316  -0.117030673973 1777094083.29
-0.00835947677194   0.0291243011049  -0.0897578179174 1777094083.31
 0.0178920769197  0.0242664410315 -0.0612995024055 1777094083.33
0.0464422698184  0.019247953164 -0.034487526328 1777094083.35
 0.0724138509372  0.0128696921625 -0.0114138111795 1777094083.37
 0.0911317565278 0.00436794785188 0.00686078613413 1777094083.39
  0.0989046325065 -0.00649325672395   0.0203652189681 1777094083.41
 0.0936304719784 -0.0194488580594  0.0300666316556 1777094083.43
 0.0751253210183 -0.0338471584458  0.0375725794316 1777094083.45
 0.0451272078377 -0.0488058873962  0.0447733211832 1777094083.47
0.00698710118977 -0.0633672022038   0.053508827366 1777094083.49
-0.0348863913763  -0.076623819556  0.0653225291008 1777094083.51
-0.0757221183001 -0.0878055645695  0.0813285621227 1777094083.53
  -0.11109749614 -0.0963283666307   0.102183040389 1777094083.55
-0.137548863831 -0.101814713573  0.128123971212 1777094083.57
-0.152991540249 -0.104097500634  0.159035861959 1777094083.59
-0.156899606734 -0.103219297668  0.194504496466 1777094083.61
 -0.150238747977 -0.0994355586344   0.233848921343 1777094083.63
 -0.135185309859 -0.0932223085297   0.276141315558 1777094083.65
 -0.114695426722 -0.0852781544409   0.320240822862 1777094083.67
-0.0920055352323 -0.0765021763064   0.364868227737 1777094083.69
-0.0701480802412 -0.0679291177768   0.408734521044 1777094083.71
 -0.051555186979 -0.0606138793961   0.450713783186 1777094083.73
-0.0378025446656 -0.0554759102531   0.490028259019 1777094083.75
-0.0295202334336 -0.0531337298447   0.526399296263 1777094083.77
-0.0264700974622 -0.0537722856392   0.560117142139 1777094083.79
-0.0277629547523 -0.0570850035474   0.591996541911 1777094083.81
-0.0321662680794 -0.0623165593687   0.623210844081 1777094083.83
-0.0384376561805  -0.068405560627   0.655028801443 1777094083.85
-0.0456154664716 -0.0741972049552   0.688507180318 1777094083.87
-0.0532065004365 -0.0786748314286   0.724210067709 1777094083.89
-0.0612322527496 -0.0811535100242   0.762026129216 1777094083.91
-0.0701255714811 -0.0813898828932   0.801136354934 1777094083.93
-0.0805040840934   -0.07958588551   0.840150733641 1777094083.95
-0.0928776588769 -0.0762918999621   0.877390865779 1777094083.97
 -0.107366268852 -0.0722393259401   0.911257084183 1777094083.99
 -0.123505233093 -0.0681474602894   0.940593352695 1777094084.01
 -0.140195034575 -0.0645519052427   0.964958541843 1777094084.03
 -0.155817301488 -0.0616919696852    0.98473127762 1777094084.05
 -0.168496913283 -0.0594766769662    1.00101410183 1777094084.07
 -0.176454033478 -0.0575291283859    1.01535237961 1777094084.09
-0.178368203471 -0.055292586344   1.02933194781 1777094084.11
 -0.173673569456 -0.0521713909308    1.04415398139 1777094084.13
 -0.162719062596 -0.0476755222197    1.06029563331 1777094084.15
 -0.146755702009 -0.0415382456567    1.07734614564 1777094084.17
 -0.127748976829 -0.0337817267894    1.09406390276 1777094084.19
 -0.108050282795 -0.0247162429362     1.1086420383 1777094084.21
-0.0899904114583 -0.0148738364104    1.11911550789 1777094084.23
-0.0754744007514 -0.0048937271874    1.12380713137 1777094084.25
-0.0656577813555  0.0046101529421    1.12170357347 1777094084.27
-0.0607695432082   0.013163610186    1.11267449214 1777094084.29
-0.0601194463326  0.0204967648025    1.09749048002 1777094084.31
-0.0622908855572  0.0265402889829    1.07764485996 1777094084.33
-0.0654816952722  0.0313551484083    1.05502805594 1777094084.35
-0.0679221968097  0.0350199773097    1.03153194193 1777094084.37
-0.0682807013551  0.0375173755892    1.00867106005 1777094084.39
-0.0659670853117  0.0386652438969   0.987298437866 1777094084.41
-0.0612655600706  0.0381279605156   0.967470008645 1777094084.43
-0.0552640095138   0.035516987642   0.948479408571 1777094084.45
-0.049591528262 0.0305593702371  0.929050792528 1777094084.47
-0.0460188099335  0.0232861556155   0.907647343331 1777094084.49
-0.0460085674682  0.0141801576738    0.88283211841 1777094084.51
-0.0503175740977 0.00422838329257   0.853608717328 1777094084.53
 -0.0587440431322 -0.00515232187718    0.819672842657 1777094084.55
-0.0700847334321 -0.0123140137164   0.781521246042 1777094084.57
-0.0823212236903 -0.0156643951214    0.74038970393 1777094084.59
-0.0930037197659  -0.013981616767   0.698023667404 1777094084.61
 -0.0997546255033 -0.00669057705659    0.656319945256 1777094084.63
 -0.100783575667 0.00595543077509   0.616908911223 1777094084.65
-0.0952987591175  0.0228221219963   0.580766031215 1777094084.67
-0.0837192264331  0.0419798969174   0.547941453662 1777094084.69
-0.0676358853637  0.0609149184324   0.517474295267 1777094084.71
-0.0495251166727   0.076836837099   0.487518717954 1777094084.73
-0.0322748037565   0.087044624025   0.455662452204 1777094084.75
-0.0186246328034  0.0893062565208   0.419377011058 1777094084.77
-0.0106409146253  0.0822043443115   0.376511529668 1777094084.79
-0.00933674535645   0.0653981507846    0.325733441726 1777094084.81
-0.0145135200137  0.0397556664554   0.266829485386 1777094084.83
-0.0248483695995 0.00732155529619   0.200807222578 1777094084.85
-0.0381970437914 -0.0288901768965   0.129775303558 1777094084.87
 -0.052036839236 -0.0652591973351  0.0566230048338 1777094084.89
-0.0639496485023 -0.0980271559044 -0.0154420271531 1777094084.91
-0.0720450386788   -0.12379862965 -0.0834118497434 1777094084.93
-0.0752448078641  -0.139994049123  -0.144955647529 1777094084.95
-0.0733863023593  -0.145181824753  -0.198768180664 1777094084.97
-0.0671423837131   -0.13923868575  -0.244726426433 1777094084.99
-0.0577920883659  -0.123318367336  -0.283829748565 1777094085.01
-0.0469007872615 -0.0996425611133  -0.317942138091 1777094085.03
 -0.035978802888 -0.0711569788053  -0.349394178285 1777094085.05
-0.0261837039164  -0.041113502342  -0.380528965641 1777094085.07
-0.0181172714311 -0.0126444008356  -0.413284655383 1777094085.09
-0.011747502367 0.0116119365153 -0.448895029427 1777094085.11
-0.0064625157619  0.0297886719508  -0.487761239961 1777094085.13
-0.00123989050597   0.0409448744613   -0.529509097526 1777094085.15
 0.005105112093 0.0450889077409 -0.573205696447 1777094085.17
0.0136426449302 0.0430801436461 -0.617675821549 1777094085.19
0.0250776164626 0.0364311172008 -0.661839558114 1777094085.21
0.0395748195511 0.0270407401691 -0.704991404466 1777094085.23
0.0566943617998 0.0168948851482 -0.746957495143 1777094085.25
 0.0754494121958 0.00777483583411  -0.788097327129 1777094085.27
0.0944723687615 0.0010156947404 -0.829153269484 1777094085.29
   0.112251995118 -0.00264745557993   -0.870987354422 1777094085.31
   0.127389090437 -0.00312081142361   -0.914272250949 1777094085.33
    0.138816271766 -0.000876691211481    -0.959215051076 1777094085.35
   0.14593903624 0.00321752081315   -1.00538524028 1777094085.37
  0.148676701047 0.00812484767863     -1.051693728 1777094085.39
